-58.01 -11.32 -27.5 
-55.66 -11.23 -27.5 
-55.56 -11.13 -27.5 
-55.19 -8.79 -27.5 
-55.66 -8.32 -27.5 
-57.49 -6.45 -27.5 
-58.01 -5.91 -27.5 
-59.55 -4.1 -27.5 
-60.35 -3.28 -27.5 
-61.91 -1.76 -27.5 
-62.7 -1.03 -27.5 
-64.35 0.59 -27.5 
-65.04 1.3 -27.5 
-65.9112182976394 2.34418075378833 -27.5 
-65.9112182976394 -6.58747968885246 -27.5 
-65.04 -7.8 -27.5 
-64.28 -8.79 -27.5 
-62.7 -11.04 -27.5 
-60.35 -9.85 -27.5 
-58.19 -11.13 -27.5 
-58.01 -11.32 -27.5 




-62.7 -16.11 -25 
-60.35 -18.15 -25 
-58.98 -15.82 -25 
-58.96 -13.48 -25 
-58.21 -11.13 -25 
-58.01 -10.91 -25 
-55.66 -9.55 -25 
-54.22 -8.79 -25 
-55.66 -6.7 -25 
-55.79 -6.45 -25 
-57.54 -4.1 -25 
-58.01 -3.59 -25 
-59.34 -1.76 -25 
-60.35 -0.4 -25 
-61.11 0.59 -25 
-62.58 2.93 -25 
-62.7 3.14 -25 
-63.0122568565691 3.60510986328125 -25 
-65.9112182976394 3.60510986328125 -25 
-65.9112182976394 -13.2148009359287 -25 
-65.67 -13.48 -25 
-65.04 -14.04 -25 
-62.98 -15.82 -25 
-62.7 -16.11 -25 




-62.7 -16.04 -22.5 
-60.35 -17.73 -22.5 
-58.97 -15.82 -22.5 
-59.3 -13.48 -22.5 
-58.32 -11.13 -22.5 
-58.01 -10.75 -22.5 
-55.66 -8.9 -22.5 
-55.53 -8.79 -22.5 
-53.35 -6.45 -22.5 
-55.55 -4.1 -22.5 
-55.66 -3.98 -22.5 
-57.58 -1.76 -22.5 
-58.01 -1.34 -22.5 
-59.66 0.59 -22.5 
-60.35 1.31 -22.5 
-61.74 2.93 -22.5 
-62.34009765625 3.60510986328125 -22.5 
-65.9112182976394 3.60510986328125 -22.5 
-65.9112182976394 -13.1208866468489 -22.5 
-65.54 -13.48 -22.5 
-65.04 -13.99 -22.5 
-62.92 -15.82 -22.5 
-62.7 -16.04 -22.5 




-62.7 -16.13 -20 
-60.35 -17.1 -20 
-58.51 -15.82 -20 
-60.35 -13.75 -20 
-60.61 -13.48 -20 
-61.82 -11.13 -20 
-62.31 -8.79 -20 
-61.71 -6.45 -20 
-60.35 -5.14 -20 
-58.01 -6.12 -20 
-57.36 -6.45 -20 
-55.66 -7.14 -20 
-54.3 -6.45 -20 
-55.66 -4.49 -20 
-55.84 -4.1 -20 
-57.37 -1.76 -20 
-58.01 -0.78 -20 
-58.82 0.59 -20 
-60.24 2.93 -20 
-60.35 3.04 -20 
-60.7453234918021 3.60510986328125 -20 
-65.9112182976394 3.60510986328125 -20 
-65.9112182976394 -14.8063002637789 -20 
-65.04 -15.16 -20 
-63.36 -15.82 -20 
-62.7 -16.13 -20 




-65.04 -16.48 -17.5 
-62.7 -16.57 -17.5 
-61.54 -15.82 -17.5 
-60.58 -13.48 -17.5 
-61.65 -11.13 -17.5 
-62.65 -8.79 -17.5 
-62.49 -6.45 -17.5 
-61.31 -4.1 -17.5 
-60.35 -3.48 -17.5 
-58.76 -1.76 -17.5 
-60.02 0.59 -17.5 
-60.35 2.67 -17.5 
-60.4 2.93 -17.5 
-60.35 2.99 -17.5 
-60.0856106728002 3.60510986328125 -17.5 
-65.9112182976394 3.60510986328125 -17.5 
-65.9112182976394 -16.0540710544874 -17.5 
-65.04 -16.48 -17.5 




-65.9112182976394 -17.993412725984 -15 
-65.04 -18.12 -15 
-62.7 -16.61 -15 
-61.2 -15.82 -15 
-61.36 -13.48 -15 
-62.7 -12.9 -15 
-64.32 -11.13 -15 
-65.04 -9.19 -15 
-65.23 -8.79 -15 
-65.9112182976394 -7.30023288179805 -15 
-65.9112182976394 -5.75574696007027 -15 
-65.04 -4.2 -15 
-64.94 -4.1 -15 
-62.7 -2.64 -15 
-60.35 -2.94 -15 
-58.46 -4.1 -15 
-58.01 -4.48 -15 
-55.66 -4.18 -15 
-55.56 -4.1 -15 
-55.3 -1.76 -15 
-55.66 -0.95 -15 
-56.28 0.59 -15 
-57.39 2.93 -15 
-57.5704172910493 3.60510986328125 -15 
-65.9112182976394 3.60510986328125 -15 
-65.9112182976394 -17.993412725984 -15 




-65.9112182976394 -19.0818859937016 -12.5 
-65.04 -18.65 -12.5 
-64.29 -18.16 -12.5 
-62.7 -17.37 -12.5 
-60.35 -15.92 -12.5 
-60.24 -15.82 -12.5 
-58.01 -14.01 -12.5 
-56.74 -13.48 -12.5 
-58.01 -13 -12.5 
-60.35 -12.13 -12.5 
-62.37 -11.13 -12.5 
-62.7 -10.89 -12.5 
-64.59 -8.79 -12.5 
-64.76 -6.45 -12.5 
-64.17 -4.1 -12.5 
-62.8 -1.76 -12.5 
-62.7 -1.66 -12.5 
-60.35 -0.8 -12.5 
-58.01 -1.05 -12.5 
-56.77 -1.76 -12.5 
-55.66 -2.74 -12.5 
-54.98 -1.76 -12.5 
-55.66 -0.32 -12.5 
-56.12 0.59 -12.5 
-57.24 2.93 -12.5 
-57.7398409564678 3.60510986328125 -12.5 
-65.9112182976394 3.60510986328125 -12.5 
-65.9112182976394 -19.0818859937016 -12.5 




-65.9112182976394 -15.6682225947078 -10 
-65.04 -15.38 -10 
-63.1 -13.48 -10 
-62.7 -12.96 -10 
-60.35 -11.38 -10 
-60.02 -11.13 -10 
-60.35 -10.89 -10 
-62.7 -9.53 -10 
-63.29 -8.79 -10 
-64.55 -6.45 -10 
-64.99 -4.1 -10 
-65.04 -3.86 -10 
-65.38 -1.76 -10 
-65.04 -0.95 -10 
-64.46 0.59 -10 
-62.7 1.83 -10 
-60.35 2.03 -10 
-58.01 0.71 -10 
-57.83 0.59 -10 
-56.22 -1.76 -10 
-55.66 -2.61 -10 
-55.03 -1.76 -10 
-54.78 0.59 -10 
-55.18 2.93 -10 
-55.2954033954327 3.60510986328125 -10 
-65.9112182976394 3.60510986328125 -10 
-65.9112182976394 -15.6682225947078 -10 




-65.9112182976394 -14.3202870102371 -7.5 
-65.04 -13.84 -7.5 
-64.65 -13.48 -7.5 
-62.7 -12.09 -7.5 
-60.62 -11.13 -7.5 
-62.7 -10.23 -7.5 
-64.56 -8.79 -7.5 
-65.04 -7.93 -7.5 
-65.76 -6.45 -7.5 
-65.9112182976394 -5.33949062671103 -7.5 
-65.9112182976394 -1.32611976680522 -7.5 
-65.21 0.59 -7.5 
-65.04 0.76 -7.5 
-62.7 2.25 -7.5 
-60.35 2.34 -7.5 
-58.01 1.24 -7.5 
-57.4 0.59 -7.5 
-56.54 -1.76 -7.5 
-55.66 -3.15 -7.5 
-53.76 -1.76 -7.5 
-53.32 -0.87 -7.5 
-52.89 0.59 -7.5 
-53.32 2.44 -7.5 
-53.45 2.93 -7.5 
-53.8279461200421 3.60510986328125 -7.5 
-65.9112182976394 3.60510986328125 -7.5 
-65.9112182976394 -14.3202870102371 -7.5 




-65.9112182976394 -15.1994929896238 -5 
-65.04 -14.57 -5 
-63.52 -13.48 -5 
-62.7 -12.82 -5 
-60.95 -11.13 -5 
-60.9 -8.79 -5 
-62.7 -7.6 -5 
-63.9 -6.45 -5 
-65.04 -4.69 -5 
-65.52 -4.1 -5 
-65.9112182976394 -2.43554397004346 -5 
-65.9112182976394 -1.18594307608075 -5 
-65.42 0.59 -5 
-65.04 1.01 -5 
-62.7 2.31 -5 
-60.35 1.96 -5 
-58.41 0.59 -5 
-58.01 0.16 -5 
-55.66 -1.17 -5 
-54.23 0.59 -5 
-53.69 2.93 -5 
-54.0737162898137 3.60510986328125 -5 
-65.9112182976394 3.60510986328125 -5 
-65.9112182976394 -15.1994929896238 -5 




-65.9112182976394 -11.956563855119 -2.5 
-65.04 -11.48 -2.5 
-64.51 -11.13 -2.5 
-62.7 -10.04 -2.5 
-61.16 -8.79 -2.5 
-62.7 -7.78 -2.5 
-64.26 -6.45 -2.5 
-65.04 -5.2 -2.5 
-65.7 -4.1 -2.5 
-65.7 -1.76 -2.5 
-65.69 0.59 -2.5 
-65.04 2 -2.5 
-64.11 2.93 -2.5 
-62.7 3.59 -2.5 
-62.3054646809896 3.60510986328125 -2.5 
-60.1213354492187 3.60510986328125 -2.5 
-58.06 2.93 -2.5 
-58.01 2.9 -2.5 
-57.96 2.93 -2.5 
-56.9108427800359 3.60510986328125 -2.5 
-65.9112182976394 3.60510986328125 -2.5 
-65.9112182976394 -11.956563855119 -2.5 




-65.9112182976394 -12.0008034198103 -1.45379319051652 
-65.0818482723793 -11.3335310466723 -1.45379319051652 
-64.7317958436105 -11.0923365548586 -1.45379319051652 
-62.7 -10.102772408569 -1.45379319051652 
-60.8210289937274 -8.86951171752074 -1.45379319051652 
-62.7 -8.78854336434208 -1.45379319051652 
-63.6071669508823 -8.01512538698729 -1.45379319051652 
-64.0607504263235 -7.28822879172904 -1.45379319051652 
-64.4445518286198 -6.64855978790177 -1.45379319051652 
-63.4025298463743 -4.70193354826756 -1.45379319051652 
-63.3967146736122 -3.33536794918203 -1.45379319051652 
-62.0980664517324 -1.89188933127856 -1.45379319051652 
-61.5572553848603 -1.35107826440642 -1.45379319051652 
-59.789945259424 3.60510986328125 -1.45379319051652 
-65.9112182976394 3.60510986328125 -1.45379319051652 
-65.9112182976394 -12.0008034198103 -1.45379319051652 




-65.681661983639 -11.8161131347186 -1.45379319051652 
-65.0818482723793 -11.3335310466723 -1.45379319051652 
-64.7317958436105 -11.0923365548586 -1.45379319051652 
-62.7 -10.102772408569 -1.45379319051652 
-60.8210289937274 -8.86951171752074 -1.45379319051652 
-62.7 -8.78854336434208 -1.45379319051652 
-63.6071669508823 -8.01512538698729 -1.45379319051652 
-64.0607504263235 -7.28822879172904 -1.45379319051652 
-64.4445518286198 -6.64855978790177 -1.45379319051652 
-63.4025298463743 -4.70193354826756 -1.45379319051652 
-63.3967146736122 -3.33536794918203 -1.45379319051652 
-62.0980664517324 -1.89188933127856 -1.45379319051652 
-61.5572553848603 -1.35107826440642 -1.45379319051652 
-59.4198961312428 4.64286383150468 -1.45379319051652 
-55.7691522826955 4.64286383150468 -1.45379319051652 
-55.0971423155428 4.18126334414225 -1.45379319051652 
-55.0680664517324 4.16381782585605 -1.45379319051652 
-55.0389905879221 4.18126334414225 -1.45379319051652 
-54.3216384791832 4.64286383150468 -1.45379319051652 
-65.681661983639 4.64286383150468 -1.45379319051652 
-65.681661983639 -11.8161131347186 -1.45379319051652 




-65.681661983639 -11.8070774795488 0 
-65.14 -11.13 0 
-65.04 -11.04 0 
-62.7 -10.19 0 
-60.35 -8.98 0 
-60.21 -8.79 0 
-58.01 -7.3 0 
-55.66 -6.73 0 
-54.34 -6.45 0 
-53.32 -6.22 0 
-50.98 -5.68 0 
-48.63 -5.15 0 
-48.02 -4.1 0 
-48.01 -1.76 0 
-48.38 0.59 0 
-48.63 1.09 0 
-49.36 2.93 0 
-50.2603515011755 4.64286383150468 0 
-65.681661983639 4.64286383150468 0 
-65.681661983639 -11.8070774795488 0 




-65.681661983639 -12.5100059135064 2.5 
-65.04 -11.55 2.5 
-64.64 -11.13 2.5 
-62.7 -9.19 2.5 
-62.27 -8.79 2.5 
-60.35 -7.43 2.5 
-58.01 -6.67 2.5 
-57.41 -6.45 2.5 
-55.66 -5.89 2.5 
-53.32 -5.13 2.5 
-50.98 -4.64 2.5 
-48.63 -6.17 2.5 
-46.29 -6.44 2.5 
-46.2 -6.45 2.5 
-43.95 -6.65 2.5 
-42.77 -6.45 2.5 
-43.19 -4.1 2.5 
-43.82 -1.76 2.5 
-43.95 -1.44 2.5 
-44.59 0.59 2.5 
-46.29 2.72 2.5 
-46.5 2.93 2.5 
-47.8541872172152 4.64286383150468 2.5 
-65.681661983639 4.64286383150468 2.5 
-65.681661983639 -12.5100059135064 2.5 




-65.681661983639 -13.0750780415121 5 
-65.04 -12.35 5 
-63.98 -11.13 5 
-62.7 -10.07 5 
-61.27 -8.79 5 
-60.35 -7.82 5 
-59.05 -6.45 5 
-58.01 -4.54 5 
-56.78 -4.1 5 
-55.66 -3.79 5 
-53.32 -3.05 5 
-50.98 -2.34 5 
-49.92 -4.1 5 
-48.63 -4.72 5 
-46.29 -5.35 5 
-43.95 -5.34 5 
-42.89 -4.1 5 
-43.34 -1.76 5 
-43.95 -1.16 5 
-45.04 0.59 5 
-45.63 2.93 5 
-45.6226800690961 4.64286383150468 5 
-65.681661983639 4.64286383150468 5 
-65.681661983639 -13.0750780415121 5 




-65.681661983639 -8.7278562827092 7.5 
-65.04 -8.61 7.5 
-62.7 -7.9 7.5 
-60.35 -7.24 7.5 
-59.96 -6.45 7.5 
-58.01 -5.14 7.5 
-55.66 -4.54 7.5 
-53.91 -4.1 7.5 
-53.32 -3.94 7.5 
-50.98 -3.42 7.5 
-48.63 -3.79 7.5 
-46.29 -3.63 7.5 
-43.95 -3.74 7.5 
-43.13 -1.76 7.5 
-43.67 0.59 7.5 
-43.95 1.97 7.5 
-44.14 2.93 7.5 
-44.4474370979624 4.64286383150468 7.5 
-65.681661983639 4.64286383150468 7.5 
-65.681661983639 -8.7278562827092 7.5 




-65.681661983639 -11.8235731370487 10 
-65.04 -11.5 10 
-64.56 -11.13 10 
-62.7 -10.11 10 
-60.69 -8.79 10 
-60.35 -7.52 10 
-60.07 -6.45 10 
-60.07 -4.1 10 
-60.35 -3.76 10 
-62.19 -1.76 10 
-62.7 -1.2 10 
-63.67 0.59 10 
-63.45 2.93 10 
-62.7 4.09 10 
-61.6083281971136 4.64286383150468 10 
-57.0236391794186 4.64286383150468 10 
-55.66 4.08 10 
-54.93 2.93 10 
-54.58 0.59 10 
-53.49 -1.76 10 
-53.32 -1.92 10 
-52.26 -1.76 10 
-50.98 -1.55 10 
-48.63 0.11 10 
-47.62 0.59 10 
-46.29 1.47 10 
-45.45 2.93 10 
-44.791206218652 4.64286383150468 10 
-65.681661983639 4.64286383150468 10 
-65.681661983639 -11.8235731370487 10 




-65.681661983639 -12.0221922024533 12.0411204682533 
-65.04 -11.524493445619 12.0411204682533 
-63.2143623579998 -10.9427771510473 12.0411204682533 
-62.7 -10.8039809592061 12.0411204682533 
-60.7798093006031 -8.79 12.0411204682533 
-61.0579023066346 -6.45 12.0411204682533 
-61.0848033685712 -4.03759238368244 12.0411204682533 
-61.1612752840004 -1.76 12.0411204682533 
-60.6877353353656 -0.682288392762275 12.0411204682533 
-59.7978068112072 0.158653240158071 12.0411204682533 
-57.3804172824435 1.02271753926969 12.0411204682533 
-55.4617640422854 0.622657927492052 12.0411204682533 
-55.3719547416823 0.59 12.0411204682533 
-53.5512752840004 0.0674731601271637 12.0411204682533 
-51.7556257779362 0.197199120824796 12.0411204682533 
-50.5486532401581 1.28568538971388 12.0411204682533 
-50.0261264002852 2.41238388818968 12.0411204682533 
-49.3324395418271 4.64286383150468 12.0411204682533 
-65.681661983639 4.64286383150468 12.0411204682533 
-65.681661983639 -12.0221922024533 12.0411204682533 




-72.07 -26.9157927492052 12.0411204682533 
-71.6944338338414 -26.8259834486021 12.0411204682533 
-70.1595112417149 -26.132002489396 12.0411204682533 
-69.3312752840004 -24.7686532401581 12.0411204682533 
-69.8456376420002 -23.0867699743174 12.0411204682533 
-69.9354469426033 -22.85 12.0411204682533 
-70.4959475649523 -20.51 12.0411204682533 
-71.5683433172059 -18.16 12.0411204682533 
-70.1212038081588 -15.82 12.0411204682533 
-69.73 -15.3935399486348 12.0411204682533 
-67.38 -13.3413230317141 12.0411204682533 
-67.371835518127 -13.333158549841 12.0411204682533 
-65.04 -11.524493445619 12.0411204682533 
-63.2143623579998 -10.9427771510473 12.0411204682533 
-62.7 -10.8039809592061 12.0411204682533 
-60.7798093006031 -8.79 12.0411204682533 
-61.0579023066346 -6.45 12.0411204682533 
-61.0848033685712 -4.03759238368244 12.0411204682533 
-61.1612752840004 -1.76 12.0411204682533 
-60.9009845254628 -1.16761413574219 12.0411204682533 
-72.2591245714464 -1.16761413574219 12.0411204682533 
-72.2591245714464 -26.750002846911 12.0411204682533 
-72.1761382643492 -26.8259834486021 12.0411204682533 
-72.07 -26.9157927492052 12.0411204682533 




-72.07 -27.65 12.5 
-71.61 -27.54 12.5 
-69.73 -26.69 12.5 
-69.1 -25.2 12.5 
-69.73 -23.14 12.5 
-69.84 -22.85 12.5 
-70.54 -20.51 12.5 
-71.84 -18.16 12.5 
-70.09 -15.82 12.5 
-69.73 -15.5 12.5 
-67.38 -13.49 12.5 
-67.37 -13.48 12.5 
-65.04 -11.53 12.5 
-63.33 -11.13 12.5 
-62.7 -10.96 12.5 
-60.8 -8.79 12.5 
-61.28 -6.45 12.5 
-61.25 -4.1 12.5 
-60.93 -1.76 12.5 
-60.6697092414625 -1.16761413574219 12.5 
-72.2591245714464 -1.16761413574219 12.5 
-72.2591245714464 -27.4846208765185 12.5 
-72.2 -27.54 12.5 
-72.07 -27.65 12.5 




-72.07 -26.54 15 
-69.73 -26.96 15 
-67.83 -25.2 15 
-68.83 -22.85 15 
-69.7 -20.51 15 
-69.73 -19.8 15 
-69.79 -18.16 15 
-69.75 -15.82 15 
-70.36 -13.48 15 
-69.92 -11.13 15 
-69.73 -10.85 15 
-68.12 -8.79 15 
-67.38 -8.25 15 
-65.04 -7.99 15 
-63.19 -6.45 15 
-62.7 -5.99 15 
-61.38 -4.1 15 
-60.38 -1.76 15 
-60.35 -1.73 15 
-59.7572148998364 -1.16761413574219 15 
-54.0985317366644 -1.16761413574219 15 
-53.32 -1.67 15 
-53.23 -1.76 15 
-50.98 -3.13 15 
-49.39 -1.76 15 
-49.4051247454704 -1.16761413574219 15 
-72.2591245714464 -1.16761413574219 15 
-72.2591245714464 -26.3305562597205 15 
-72.07 -26.54 15 




-69.73 -31.38 17.5 
-67.38 -30.36 17.5 
-67.06 -29.88 17.5 
-67.38 -29.49 17.5 
-68.47 -27.54 17.5 
-68.45 -25.2 17.5 
-68.74 -22.85 17.5 
-68.8 -20.51 17.5 
-68.62 -18.16 17.5 
-68.42 -15.82 17.5 
-68.45 -13.48 17.5 
-68.12 -11.13 17.5 
-67.38 -9.09 17.5 
-67.19 -8.79 17.5 
-65.04 -7.79 17.5 
-62.7 -7.68 17.5 
-60.57 -6.45 17.5 
-60.53 -4.1 17.5 
-60.52 -1.76 17.5 
-60.5426871182056 -1.16761413574219 17.5 
-72.2591245714464 -1.16761413574219 17.5 
-72.2591245714464 -29.7051221684826 17.5 
-72.07 -29.87 17.5 
-72.06 -29.88 17.5 
-69.73 -31.38 17.5 




-72.2591245714464 -29.6964657973144 20 
-72.07 -29.69 20 
-71.13 -27.54 20 
-71.2 -25.2 20 
-70.91 -22.85 20 
-70.86 -20.51 20 
-71.8 -18.16 20 
-71.11 -15.82 20 
-70.02 -13.48 20 
-69.73 -12.24 20 
-69.46 -11.13 20 
-67.45 -8.79 20 
-67.38 -8.73 20 
-65.04 -6.92 20 
-63.23 -6.45 20 
-62.7 -6.28 20 
-60.87 -4.1 20 
-60.35 -2.17 20 
-60.22 -1.76 20 
-60.1317723180893 -1.16761413574219 20 
-72.2591245714464 -1.16761413574219 20 
-72.2591245714464 -29.6964657973144 20 




-72.07 -30.26 22.5 
-69.73 -31.41 22.5 
-68.13 -29.88 22.5 
-68.29 -27.54 22.5 
-68.17 -25.2 22.5 
-68.64 -22.85 22.5 
-67.79 -20.51 22.5 
-69.55 -18.16 22.5 
-68.6 -15.82 22.5 
-67.53 -13.48 22.5 
-67.38 -13.31 22.5 
-65.62 -11.13 22.5 
-65.04 -10.61 22.5 
-63.01 -8.79 22.5 
-62.7 -8.47 22.5 
-60.58 -6.45 22.5 
-60.35 -4.94 22.5 
-60.22 -4.1 22.5 
-60.35 -2.93 22.5 
-60.48 -1.76 22.5 
-60.5556237273521 -1.16761413574219 22.5 
-72.2591245714464 -1.16761413574219 22.5 
-72.2591245714464 -30.0803316571259 22.5 
-72.07 -30.26 22.5 




-69.73 -27.74 25 
-67.38 -28.09 25 
-66.74 -27.54 25 
-67.11 -25.2 25 
-67.38 -24.69 25 
-68.13 -22.85 25 
-69.17 -20.51 25 
-69.73 -18.62 25 
-69.89 -18.16 25 
-70.13 -15.82 25 
-70.03 -13.48 25 
-69.82 -11.13 25 
-69.73 -11.03 25 
-68.38 -8.79 25 
-69.04 -6.45 25 
-68.47 -4.1 25 
-67.38 -2.45 25 
-65.54 -1.76 25 
-65.04 -1.54 25 
-64.8319534373395 -1.16761413574219 25 
-72.2591245714464 -1.16761413574219 25 
-72.2591245714464 -25.960878988995 25 
-72.07 -26.13 25 
-69.93 -27.54 25 
-69.73 -27.74 25 




-72.2591245714464 -27.4135682176969 27.5 
-72.07 -27.31 27.5 
-70.35 -25.2 27.5 
-69.9 -22.85 27.5 
-70.03 -20.51 27.5 
-70.39 -18.16 27.5 
-70.5 -15.82 27.5 
-70.23 -13.48 27.5 
-70.46 -11.13 27.5 
-70.18 -8.79 27.5 
-69.73 -7.81 27.5 
-68.98 -6.45 27.5 
-67.82 -4.1 27.5 
-67.38 -2.91 27.5 
-66.94 -1.76 27.5 
-67.0458732182929 -1.16761413574219 27.5 
-72.2591245714464 -1.16761413574219 27.5 
-72.2591245714464 -27.4135682176969 27.5 




-72.2591245714464 -22.8729087898454 30 
-72.16 -22.85 30 
-72.07 -22.82 30 
-70.23 -20.51 30 
-70.15 -18.16 30 
-70.07 -15.82 30 
-69.99 -13.48 30 
-69.91 -11.13 30 
-69.82 -8.79 30 
-69.74 -6.45 30 
-69.73 -5.86 30 
-69.7 -4.1 30 
-69.61 -1.76 30 
-69.73 -1.21 30 
-69.8034688313802 -1.16761413574219 30 
-72.2591245714464 -1.16761413574219 30 
-72.2591245714464 -22.8729087898454 30 




-72.2591245714464 -19.1278919356857 32.5 
-72.07 -18.93 32.5 
-70.81 -18.16 32.5 
-70.38 -15.82 32.5 
-70.09 -13.48 32.5 
-69.91 -11.13 32.5 
-69.82 -8.79 32.5 
-69.74 -6.45 32.5 
-69.75 -4.1 32.5 
-69.85 -1.76 32.5 
-70.5421561150802 -1.16761413574219 32.5 
-72.2591245714464 -1.16761413574219 32.5 
-72.2591245714464 -19.1278919356857 32.5 




-72.2591245714464 -2.89353420268559 35 
-72.07 -2.9 35 
-71.76 -1.76 35 
-72.07 -1.37 35 
-72.1939097128109 -1.16761413574219 35 
-72.2591245714464 -1.16761413574219 35 
-72.2591245714464 -2.89353420268559 35 




-65.9112182976394 2.34418075378833 -27.5 
-66.4 2.93 -27.5 
-66.9753110139266 3.60510986328125 -27.5 
-71.0867920004358 3.60510986328125 -27.5 
-71.0867920004358 1.060037156114 -27.5 
-70.72 0.59 -27.5 
-69.73 -1.6 -27.5 
-69.61 -1.76 -27.5 
-67.75 -4.1 -27.5 
-67.38 -4.49 -27.5 
-66.01 -6.45 -27.5 
-65.9112182976394 -6.58747968885246 -27.5 
-65.9112182976394 2.34418075378833 -27.5 




-65.9112182976394 3.60510986328125 -25 
-71.0867920004358 3.60510986328125 -25 
-71.0867920004358 -6.86448483774667 -25 
-69.73 -8.66 -25 
-69.59 -8.79 -25 
-67.8 -11.13 -25 
-67.38 -11.6 -25 
-65.9112182976394 -13.2148009359287 -25 
-65.9112182976394 3.60510986328125 -25 




-65.9112182976394 3.60510986328125 -22.5 
-71.0867920004358 3.60510986328125 -22.5 
-71.0867920004358 -7.38491620992999 -22.5 
-70.06 -8.79 -22.5 
-69.73 -9.14 -22.5 
-67.97 -11.13 -22.5 
-67.38 -11.7 -22.5 
-65.9112182976394 -13.1208866468489 -22.5 
-65.9112182976394 3.60510986328125 -22.5 




-65.9112182976394 3.60510986328125 -20 
-71.0867920004358 3.60510986328125 -20 
-71.0867920004358 -10.9056388247725 -20 
-70.98 -11.13 -20 
-69.73 -12.79 -20 
-68.65 -13.48 -20 
-67.38 -14.21 -20 
-65.9112182976394 -14.8063002637789 -20 
-65.9112182976394 3.60510986328125 -20 




-65.9112182976394 3.60510986328125 -17.5 
-71.0867920004358 3.60510986328125 -17.5 
-71.0867920004358 -13.551320940997 -17.5 
-69.73 -14.11 -17.5 
-67.38 -15.3 -17.5 
-66.39 -15.82 -17.5 
-65.9112182976394 -16.0540710544874 -17.5 
-65.9112182976394 3.60510986328125 -17.5 




-69.73 -17.64 -15 
-67.38 -17.78 -15 
-65.9112182976394 -17.993412725984 -15 
-65.9112182976394 -7.30023288179805 -15 
-66.3 -6.45 -15 
-65.9112182976394 -5.75574696007027 -15 
-65.9112182976394 3.60510986328125 -15 
-71.0867920004358 3.60510986328125 -15 
-71.0867920004358 -14.7841232932607 -15 
-70.56 -15.82 -15 
-69.73 -17.64 -15 




-69.73 -18.91 -12.5 
-67.38 -19.81 -12.5 
-65.9112182976394 -19.0818859937016 -12.5 
-65.9112182976394 3.60510986328125 -12.5 
-71.0867920004358 3.60510986328125 -12.5 
-71.0867920004358 -17.0053653751842 -12.5 
-70.47 -18.16 -12.5 
-69.73 -18.91 -12.5 




-69.73 -16.1 -10 
-67.38 -16.18 -10 
-66.37 -15.82 -10 
-65.9112182976394 -15.6682225947078 -10 
-65.9112182976394 3.60510986328125 -10 
-71.0867920004358 3.60510986328125 -10 
-71.0867920004358 -15.3613622497866 -10 
-70.15 -15.82 -10 
-69.73 -16.1 -10 




-71.0867920004358 -15.1532802050425 -7.5 
-69.73 -15.42 -7.5 
-67.38 -15.13 -7.5 
-65.9112182976394 -14.3202870102371 -7.5 
-65.9112182976394 -5.33949062671103 -7.5 
-66.08 -4.1 -7.5 
-66.07 -1.76 -7.5 
-65.9112182976394 -1.32611976680522 -7.5 
-65.9112182976394 3.60510986328125 -7.5 
-71.0867920004358 3.60510986328125 -7.5 
-71.0867920004358 -15.1532802050425 -7.5 




-71.0867920004358 -18.5552091251838 -5 
-70.15 -18.16 -5 
-69.73 -18.04 -5 
-67.38 -16.34 -5 
-66.77 -15.82 -5 
-65.9112182976394 -15.1994929896238 -5 
-65.9112182976394 -2.43554397004346 -5 
-66.07 -1.76 -5 
-65.9112182976394 -1.18594307608075 -5 
-65.9112182976394 3.60510986328125 -5 
-71.0867920004358 3.60510986328125 -5 
-71.0867920004358 -18.5552091251838 -5 




-71.0867920004358 -18.8506450856136 -2.5 
-70.74 -18.16 -2.5 
-70.27 -15.82 -2.5 
-69.73 -15.24 -2.5 
-68.04 -13.48 -2.5 
-67.38 -12.76 -2.5 
-65.9112182976394 -11.956563855119 -2.5 
-65.9112182976394 3.60510986328125 -2.5 
-71.0867920004358 3.60510986328125 -2.5 
-71.0867920004358 -18.8506450856136 -2.5 




-71.0867920004358 -18.8418413570696 -1.45379319051652 
-70.5684220832447 -18.16 -1.45379319051652 
-69.6004276419306 -15.82 -1.45379319051652 
-69.286408312779 -15.4827199798002 -1.45379319051652 
-67.7638014022964 -13.6473930895174 -1.45379319051652 
-67.2293462194344 -13.0613075611312 -1.45379319051652 
-65.9112182976394 -12.0008034198103 -1.45379319051652 
-65.9112182976394 3.60510986328125 -1.45379319051652 
-71.0867920004358 3.60510986328125 -1.45379319051652 
-71.0867920004358 -18.8418413570696 -1.45379319051652 




-72.07 -20.0552662497341 -1.45379319051652 
-71.982772408569 -20.0203752131617 -1.45379319051652 
-70.5684220832447 -18.16 -1.45379319051652 
-69.6004276419306 -15.82 -1.45379319051652 
-69.286408312779 -15.4827199798002 -1.45379319051652 
-67.7638014022964 -13.6473930895174 -1.45379319051652 
-67.2293462194344 -13.0613075611312 -1.45379319051652 
-65.681661983639 -11.8161131347186 -1.45379319051652 
-65.681661983639 4.64286383150468 -1.45379319051652 
-73.3358693456109 4.64286383150468 -1.45379319051652 
-73.3358693456109 -18.5198617560528 -1.45379319051652 
-72.1048910365724 -20.0203752131617 -1.45379319051652 
-72.07 -20.0552662497341 -1.45379319051652 




-72.07 -19.34 0 
-70.33 -18.16 0 
-69.73 -17.44 0 
-68.67 -15.82 0 
-67.38 -13.88 0 
-67.02 -13.48 0 
-65.681661983639 -11.8070774795488 0 
-65.681661983639 4.64286383150468 0 
-73.3358693456109 4.64286383150468 0 
-73.3358693456109 -18.5579445927639 0 
-72.07 -19.34 0 




-72.07 -24.85 2.5 
-70.88 -22.85 2.5 
-69.82 -20.51 2.5 
-69.73 -20.38 2.5 
-68.72 -18.16 2.5 
-67.69 -15.82 2.5 
-67.38 -15.43 2.5 
-66.33 -13.48 2.5 
-65.681661983639 -12.5100059135064 2.5 
-65.681661983639 4.64286383150468 2.5 
-73.3358693456109 4.64286383150468 2.5 
-73.3358693456109 -22.538326148973 2.5 
-73.17 -22.85 2.5 
-72.07 -24.85 2.5 




-72.07 -22.81 5 
-70.05 -20.51 5 
-69.73 -19.57 5 
-69.27 -18.16 5 
-68.33 -15.82 5 
-67.38 -14.78 5 
-66.04 -13.48 5 
-65.681661983639 -13.0750780415121 5 
-65.681661983639 4.64286383150468 5 
-73.3358693456109 4.64286383150468 5 
-73.3358693456109 -21.1557389233493 5 
-72.07 -22.81 5 




-72.07 -21.94 7.5 
-71.3 -20.51 7.5 
-70.51 -18.16 7.5 
-69.9 -15.82 7.5 
-69.73 -14.91 7.5 
-69.46 -13.48 7.5 
-68.15 -11.13 7.5 
-67.38 -9.24 7.5 
-66.02 -8.79 7.5 
-65.681661983639 -8.7278562827092 7.5 
-65.681661983639 4.64286383150468 7.5 
-73.3358693456109 4.64286383150468 7.5 
-73.3358693456109 -20.5891095789376 7.5 
-72.07 -21.94 7.5 




-72.07 -23.65 10 
-70.36 -22.85 10 
-70.3 -20.51 10 
-70.36 -18.16 10 
-70.26 -15.82 10 
-69.73 -14.92 10 
-68.6 -13.48 10 
-67.38 -12.68 10 
-65.681661983639 -11.8235731370487 10 
-65.681661983639 4.64286383150468 10 
-73.3358693456109 4.64286383150468 10 
-73.3358693456109 -22.7255979907918 10 
-73.17 -22.85 10 
-72.07 -23.65 10 




-72.07 -26.9157927492052 12.0411204682533 
-71.6944338338414 -26.8259834486021 12.0411204682533 
-70.1595112417149 -26.132002489396 12.0411204682533 
-69.3312752840004 -24.7686532401581 12.0411204682533 
-69.8456376420002 -23.0867699743174 12.0411204682533 
-69.9354469426033 -22.85 12.0411204682533 
-70.4959475649523 -20.51 12.0411204682533 
-71.5683433172059 -18.16 12.0411204682533 
-70.1212038081588 -15.82 12.0411204682533 
-69.73 -15.3935399486348 12.0411204682533 
-67.38 -13.3413230317141 12.0411204682533 
-67.371835518127 -13.333158549841 12.0411204682533 
-65.681661983639 -12.0221922024533 12.0411204682533 
-65.681661983639 4.64286383150468 12.0411204682533 
-73.3358693456109 4.64286383150468 12.0411204682533 
-73.3358693456109 -25.7641568842402 12.0411204682533 
-72.1761382643492 -26.8259834486021 12.0411204682533 
-72.07 -26.9157927492052 12.0411204682533 




-72.2591245714464 -1.16761413574219 12.0411204682533 
-76.9837748603428 -1.16761413574219 12.0411204682533 
-76.9837748603428 -20.8026106354471 12.0411204682533 
-76.5819547416823 -21.4080930060314 12.0411204682533 
-75.68365917219 -22.6792968141902 12.0411204682533 
-74.3783433172059 -24.7686532401581 12.0411204682533 
-74.1823957522536 -24.9890942507294 12.0411204682533 
-72.2591245714464 -26.750002846911 12.0411204682533 
-72.2591245714464 -1.16761413574219 12.0411204682533 




-72.2591245714464 -1.16761413574219 12.5 
-76.9837748603428 -1.16761413574219 12.5 
-76.9837748603428 -21.2728050049629 12.5 
-76.76 -21.61 12.5 
-75.97 -22.85 12.5 
-74.65 -25.2 12.5 
-74.41 -25.47 12.5 
-72.2591245714464 -27.4846208765185 12.5 
-72.2591245714464 -1.16761413574219 12.5 




-72.2591245714464 -1.16761413574219 15 
-76.9837748603428 -1.16761413574219 15 
-76.9837748603428 -21.4274495387748 15 
-76.76 -21.62 15 
-75.65 -22.85 15 
-74.41 -24.03 15 
-73.28 -25.2 15 
-72.2591245714464 -26.3305562597205 15 
-72.2591245714464 -1.16761413574219 15 




-72.2591245714464 -1.16761413574219 17.5 
-76.9837748603428 -1.16761413574219 17.5 
-76.9837748603428 -23.7735301210287 17.5 
-76.76 -24.19 17.5 
-76.18 -25.2 17.5 
-74.71 -27.54 17.5 
-74.41 -27.83 17.5 
-72.2591245714464 -29.7051221684826 17.5 
-72.2591245714464 -1.16761413574219 17.5 




-76.76 -29.72 20 
-74.41 -29.77 20 
-72.2591245714464 -29.6964657973144 20 
-72.2591245714464 -1.16761413574219 20 
-76.9837748603428 -1.16761413574219 20 
-76.9837748603428 -29.4313436712738 20 
-76.76 -29.72 20 




-72.2591245714464 -1.16761413574219 22.5 
-76.9837748603428 -1.16761413574219 22.5 
-76.9837748603428 -25.7710345623772 22.5 
-76.76 -25.96 22.5 
-74.96 -27.54 22.5 
-74.41 -28.12 22.5 
-72.47 -29.88 22.5 
-72.2591245714464 -30.0803316571259 22.5 
-72.2591245714464 -1.16761413574219 22.5 




-72.2591245714464 -1.16761413574219 25 
-76.9837748603428 -1.16761413574219 25 
-76.9837748603428 -20.6762251396572 25 
-76.76 -20.9 25 
-75.24 -22.85 25 
-74.41 -23.82 25 
-73.11 -25.2 25 
-72.2591245714464 -25.960878988995 25 
-72.2591245714464 -1.16761413574219 25 




-74.41 -28.33 27.5 
-72.49 -27.54 27.5 
-72.2591245714464 -27.4135682176969 27.5 
-72.2591245714464 -1.16761413574219 27.5 
-76.9837748603428 -1.16761413574219 27.5 
-76.9837748603428 -26.9366767685447 27.5 
-76.76 -27.52 27.5 
-76.74 -27.54 27.5 
-74.41 -28.33 27.5 




-74.41 -23.37 30 
-72.2591245714464 -22.8729087898454 30 
-72.2591245714464 -1.16761413574219 30 
-76.9837748603428 -1.16761413574219 30 
-76.9837748603428 -22.1775108795253 30 
-76.76 -22.32 30 
-75.57 -22.85 30 
-74.41 -23.37 30 




-76.76 -21.51 32.5 
-74.41 -21.47 32.5 
-73.58 -20.51 32.5 
-72.2591245714464 -19.1278919356857 32.5 
-72.2591245714464 -1.16761413574219 32.5 
-76.9837748603428 -1.16761413574219 32.5 
-76.9837748603428 -21.3674682418199 32.5 
-76.76 -21.51 32.5 




-74.41 -2.82 35 
-72.2591245714464 -2.89353420268559 35 
-72.2591245714464 -1.16761413574219 35 
-76.5847259216309 -1.16761413574219 35 
-76.33 -1.76 35 
-74.41 -2.82 35 




-71.0867920004358 3.60510986328125 -27.5 
-72.5976772836539 3.60510986328125 -27.5 
-72.69 2.93 -27.5 
-72.07 2.32 -27.5 
-71.0867920004358 1.060037156114 -27.5 
-71.0867920004358 3.60510986328125 -27.5 




-71.0867920004358 3.60510986328125 -25 
-73.5457213416466 3.60510986328125 -25 
-73.84 2.93 -25 
-73.91 0.59 -25 
-73.43 -1.76 -25 
-72.39 -4.1 -25 
-72.07 -4.78 -25 
-71.4 -6.45 -25 
-71.0867920004358 -6.86448483774667 -25 
-71.0867920004358 3.60510986328125 -25 




-71.0867920004358 3.60510986328125 -22.5 
-75.5774572753906 3.60510986328125 -22.5 
-75.84 2.93 -22.5 
-75.58 0.59 -22.5 
-74.64 -1.76 -22.5 
-74.41 -2.02 -22.5 
-73.27 -4.1 -22.5 
-72.07 -6.11 -22.5 
-71.77 -6.45 -22.5 
-71.0867920004358 -7.38491620992999 -22.5 
-71.0867920004358 3.60510986328125 -22.5 




-71.0867920004358 3.60510986328125 -20 
-78.0188996769832 3.60510986328125 -20 
-77.69 2.93 -20 
-76.76 0.89 -20 
-76.55 0.59 -20 
-75.44 -1.76 -20 
-74.41 -3.96 -20 
-74.3 -4.1 -20 
-73.22 -6.45 -20 
-72.12 -8.79 -20 
-72.07 -8.84 -20 
-71.0867920004358 -10.9056388247725 -20 
-71.0867920004358 3.60510986328125 -20 




-71.0867920004358 3.60510986328125 -17.5 
-78.9083347681949 3.60510986328125 -17.5 
-78.63 2.93 -17.5 
-77.65 0.59 -17.5 
-76.76 -1.63 -17.5 
-76.68 -1.76 -17.5 
-75.73 -4.1 -17.5 
-74.77 -6.45 -17.5 
-74.41 -7.21 -17.5 
-73.79 -8.79 -17.5 
-72.85 -11.13 -17.5 
-72.07 -12.82 -17.5 
-71.26 -13.48 -17.5 
-71.0867920004358 -13.551320940997 -17.5 
-71.0867920004358 3.60510986328125 -17.5 




-71.0867920004358 3.60510986328125 -15 
-79.7652322152945 3.60510986328125 -15 
-79.52 2.93 -15 
-79.1 1.78 -15 
-78.67 0.59 -15 
-77.84 -1.76 -15 
-76.94 -4.1 -15 
-76.76 -4.53 -15 
-76.13 -6.45 -15 
-74.78 -8.79 -15 
-74.41 -9.65 -15 
-73.81 -11.13 -15 
-72.07 -13.13 -15 
-71.75 -13.48 -15 
-71.0867920004358 -14.7841232932607 -15 
-71.0867920004358 3.60510986328125 -15 




-71.0867920004358 3.60510986328125 -12.5 
-79.7246698467548 3.60510986328125 -12.5 
-79.39 2.93 -12.5 
-79.1 1.93 -12.5 
-78.74 0.59 -12.5 
-77.65 -1.76 -12.5 
-76.76 -3.33 -12.5 
-76.21 -4.1 -12.5 
-75.48 -6.45 -12.5 
-74.88 -8.79 -12.5 
-74.41 -9.52 -12.5 
-73.59 -11.13 -12.5 
-72.82 -13.48 -12.5 
-72.07 -15.18 -12.5 
-71.72 -15.82 -12.5 
-71.0867920004358 -17.0053653751842 -12.5 
-71.0867920004358 3.60510986328125 -12.5 




-71.0867920004358 3.60510986328125 -10 
-80.0711735652043 3.60510986328125 -10 
-79.95 2.93 -10 
-79.53 0.59 -10 
-79.1 -1.27 -10 
-78.97 -1.76 -10 
-77.92 -4.1 -10 
-77.01 -6.45 -10 
-76.76 -6.89 -10 
-75.96 -8.79 -10 
-75.19 -11.13 -10 
-74.41 -12.3 -10 
-73.6 -13.48 -10 
-72.07 -14.88 -10 
-71.0867920004358 -15.3613622497866 -10 
-71.0867920004358 3.60510986328125 -10 




-72.07 -14.96 -7.5 
-71.0867920004358 -15.1532802050425 -7.5 
-71.0867920004358 3.60510986328125 -7.5 
-80.8179217059796 3.60510986328125 -7.5 
-80.59 2.93 -7.5 
-79.8 0.59 -7.5 
-79.1 -1.58 -7.5 
-79.02 -1.76 -7.5 
-78.31 -4.1 -7.5 
-77.43 -6.45 -7.5 
-76.76 -8.3 -7.5 
-76.53 -8.79 -7.5 
-75.51 -11.13 -7.5 
-74.41 -12.99 -7.5 
-73.98 -13.48 -7.5 
-72.07 -14.96 -7.5 




-72.07 -18.97 -5 
-71.0867920004358 -18.5552091251838 -5 
-71.0867920004358 3.60510986328125 -5 
-81.9350366210937 3.60510986328125 -5 
-81.71 2.93 -5 
-81.45 2.19 -5 
-80.93 0.59 -5 
-80.14 -1.76 -5 
-79.38 -4.1 -5 
-79.1 -4.77 -5 
-78.5 -6.45 -5 
-77.29 -8.79 -5 
-76.76 -9.79 -5 
-76.09 -11.13 -5 
-74.9 -13.48 -5 
-74.41 -14.36 -5 
-73.7 -15.82 -5 
-72.51 -18.16 -5 
-72.07 -18.97 -5 




-72.07 -20.57 -2.5 
-71.92 -20.51 -2.5 
-71.0867920004358 -18.8506450856136 -2.5 
-71.0867920004358 3.60510986328125 -2.5 
-83.0910023850661 3.60510986328125 -2.5 
-82.84 2.93 -2.5 
-81.94 0.59 -2.5 
-81.45 -0.78 -2.5 
-81.07 -1.76 -2.5 
-80.18 -4.1 -2.5 
-79.31 -6.45 -2.5 
-79.1 -6.88 -2.5 
-78.4 -8.79 -2.5 
-77.16 -11.13 -2.5 
-76.76 -11.76 -2.5 
-75.9 -13.48 -2.5 
-74.67 -15.82 -2.5 
-74.41 -16.14 -2.5 
-73.38 -18.16 -2.5 
-72.13 -20.51 -2.5 
-72.07 -20.57 -2.5 




-72.07 -20.0552662497341 -1.45379319051652 
-71.982772408569 -20.0203752131617 -1.45379319051652 
-71.0867920004358 -18.8418413570696 -1.45379319051652 
-71.0867920004358 3.60510986328125 -1.45379319051652 
-83.1853195950757 3.60510986328125 -1.45379319051652 
-82.9488055081863 2.93 -1.45379319051652 
-82.1115779167553 0.59 -1.45379319051652 
-81.5336965447587 -1.19011306931753 -1.45379319051652 
-81.3127199798002 -1.76 -1.45379319051652 
-80.4729379066554 -4.1 -1.45379319051652 
-79.6196772156071 -6.45 -1.45379319051652 
-79.4975585876037 -6.70005242876884 -1.45379319051652 
-78.6929379066554 -8.93646895332769 -1.45379319051652 
-77.7040275409314 -11.13 -1.45379319051652 
-76.8520661992346 -12.4797902849246 -1.45379319051652 
-76.2598951424623 -13.5846206809483 -1.45379319051652 
-75.0340799697003 -15.82 -1.45379319051652 
-74.8828854778865 -16.0060855283861 -1.45379319051652 
-73.631089634276 -18.16 -1.45379319051652 
-72.1048910365724 -20.0203752131617 -1.45379319051652 
-72.07 -20.0552662497341 -1.45379319051652 




-73.3358693456109 4.64286383150468 -1.45379319051652 
-83.5488803213511 4.64286383150468 -1.45379319051652 
-82.9488055081863 2.93 -1.45379319051652 
-82.1115779167553 0.59 -1.45379319051652 
-81.5336965447587 -1.19011306931753 -1.45379319051652 
-81.3127199798002 -1.76 -1.45379319051652 
-80.4729379066554 -4.1 -1.45379319051652 
-79.6196772156071 -6.45 -1.45379319051652 
-79.4975585876037 -6.70005242876884 -1.45379319051652 
-78.6929379066554 -8.93646895332769 -1.45379319051652 
-77.7040275409314 -11.13 -1.45379319051652 
-76.8520661992346 -12.4797902849246 -1.45379319051652 
-76.2598951424623 -13.5846206809483 -1.45379319051652 
-75.0340799697003 -15.82 -1.45379319051652 
-74.8828854778865 -16.0060855283861 -1.45379319051652 
-73.631089634276 -18.16 -1.45379319051652 
-73.3358693456109 -18.5198617560528 -1.45379319051652 
-73.3358693456109 4.64286383150468 -1.45379319051652 




-73.3358693456109 4.64286383150468 0 
-83.6372163835174 4.64286383150468 0 
-83.1 2.93 0 
-82.35 0.59 0 
-81.65 -1.76 0 
-81.45 -2.31 0 
-80.88 -4.1 0 
-80.05 -6.45 0 
-79.25 -8.79 0 
-79.1 -9.14 0 
-78.46 -11.13 0 
-76.98 -13.48 0 
-76.76 -13.73 0 
-75.54 -15.82 0 
-74.41 -17.67 0 
-73.98 -18.16 0 
-73.3358693456109 -18.5579445927639 0 
-73.3358693456109 4.64286383150468 0 




-73.3358693456109 4.64286383150468 2.5 
-84.0740959527391 4.64286383150468 2.5 
-83.79 3.63 2.5 
-83.56 2.93 2.5 
-82.87 0.59 2.5 
-82.16 -1.76 2.5 
-81.45 -4.1 2.5 
-81.45 -4.12 2.5 
-80.73 -6.45 2.5 
-79.99 -8.79 2.5 
-79.25 -11.13 2.5 
-79.1 -11.43 2.5 
-78.36 -13.48 2.5 
-77.08 -15.82 2.5 
-76.76 -16.25 2.5 
-75.78 -18.16 2.5 
-74.42 -20.51 2.5 
-74.41 -20.52 2.5 
-73.3358693456109 -22.538326148973 2.5 
-73.3358693456109 4.64286383150468 2.5 




-73.3358693456109 4.64286383150468 5 
-84.5165157851358 4.64286383150468 5 
-84.07 2.93 5 
-83.79 1.85 5 
-83.46 0.59 5 
-83.4 -1.76 5 
-82.64 -4.1 5 
-81.82 -6.45 5 
-81.45 -6.89 5 
-80.32 -8.79 5 
-79.1 -10.85 5 
-78.85 -11.13 5 
-77.39 -13.48 5 
-76.76 -14.82 5 
-76.25 -15.82 5 
-75.18 -18.16 5 
-74.41 -19.55 5 
-73.83 -20.51 5 
-73.3358693456109 -21.1557389233493 5 
-73.3358693456109 4.64286383150468 5 




-73.3358693456109 4.64286383150468 7.5 
-83.7701572610746 4.64286383150468 7.5 
-83.48 2.93 7.5 
-83.07 0.59 7.5 
-82.7 -1.76 7.5 
-82.31 -4.1 7.5 
-81.9 -6.45 7.5 
-81.45 -7.66 7.5 
-81.01 -8.79 7.5 
-79.97 -11.13 7.5 
-79.1 -13.19 7.5 
-78.92 -13.48 7.5 
-77.84 -15.82 7.5 
-76.76 -17.4 7.5 
-76.03 -18.16 7.5 
-74.41 -19.84 7.5 
-73.41 -20.51 7.5 
-73.3358693456109 -20.5891095789376 7.5 
-73.3358693456109 4.64286383150468 7.5 




-73.3358693456109 4.64286383150468 10 
-83.5384755778474 4.64286383150468 10 
-83.07 2.93 10 
-83.07 0.59 10 
-82.58 -1.76 10 
-81.74 -4.1 10 
-81.45 -5.65 10 
-81.28 -6.45 10 
-80.18 -8.79 10 
-79.4 -11.13 10 
-79.1 -12.24 10 
-78.77 -13.48 10 
-77.73 -15.82 10 
-76.76 -17.97 10 
-76.63 -18.16 10 
-75.79 -20.51 10 
-74.41 -21.92 10 
-73.3358693456109 -22.7255979907918 10 
-73.3358693456109 4.64286383150468 10 




-73.3358693456109 4.64286383150468 12.0411204682533 
-84.4484256116816 4.64286383150468 12.0411204682533 
-84.2130274622218 2.93 12.0411204682533 
-84.0334088610155 0.59 12.0411204682533 
-83.5679023066346 -1.00070318580978 12.0411204682533 
-83.2984744048251 -1.76 12.0411204682533 
-82.4013230317141 -4.1 12.0411204682533 
-81.4351251555872 -6.45 12.0411204682533 
-81.4187961918412 -6.49082240936507 12.0411204682533 
-80.5474016842856 -8.79 12.0411204682533 
-79.7918951299046 -11.13 12.0411204682533 
-79.2843623579998 -13.48 12.0411204682533 
-79.0394279018094 -14.3372705966664 12.0411204682533 
-78.5627771510473 -15.82 12.0411204682533 
-78.2377712190154 -18.1251251555872 12.0411204682533 
-77.1779619184122 -20.51 12.0411204682533 
-76.5819547416823 -21.4080930060314 12.0411204682533 
-75.68365917219 -22.6792968141902 12.0411204682533 
-74.3783433172059 -24.7686532401581 12.0411204682533 
-74.1823957522536 -24.9890942507294 12.0411204682533 
-73.3358693456109 -25.7641568842402 12.0411204682533 
-73.3358693456109 4.64286383150468 12.0411204682533 




-76.9837748603428 -1.16761413574219 12.0411204682533 
-83.5086758405295 -1.16761413574219 12.0411204682533 
-83.2984744048251 -1.76 12.0411204682533 
-82.4013230317141 -4.1 12.0411204682533 
-81.4351251555872 -6.45 12.0411204682533 
-81.4187961918412 -6.49082240936507 12.0411204682533 
-80.5474016842856 -8.79 12.0411204682533 
-79.7918951299046 -11.13 12.0411204682533 
-79.2843623579998 -13.48 12.0411204682533 
-79.0394279018094 -14.3372705966664 12.0411204682533 
-78.5627771510473 -15.82 12.0411204682533 
-78.2377712190154 -18.1251251555872 12.0411204682533 
-77.1779619184122 -20.51 12.0411204682533 
-76.9837748603428 -20.8026106354471 12.0411204682533 
-76.9837748603428 -1.16761413574219 12.0411204682533 




-76.9837748603428 -1.16761413574219 12.5 
-83.6702014357044 -1.16761413574219 12.5 
-83.46 -1.76 12.5 
-82.55 -4.1 12.5 
-81.47 -6.45 12.5 
-81.45 -6.5 12.5 
-80.63 -8.79 12.5 
-79.88 -11.13 12.5 
-79.4 -13.48 12.5 
-79.1 -14.53 12.5 
-78.75 -15.82 12.5 
-78.57 -18.16 12.5 
-77.49 -20.51 12.5 
-76.9837748603428 -21.2728050049629 12.5 
-76.9837748603428 -1.16761413574219 12.5 




-76.9837748603428 -1.16761413574219 15 
-85.1185603364985 -1.16761413574219 15 
-84.99 -1.76 15 
-84.51 -4.1 15 
-84 -6.45 15 
-83.79 -7.11 15 
-83.32 -8.79 15 
-82.29 -11.13 15 
-81.45 -13.34 15 
-81.37 -13.48 15 
-80.29 -15.82 15 
-79.47 -18.16 15 
-79.1 -18.75 15 
-78.05 -20.51 15 
-76.9837748603428 -21.4274495387748 15 
-76.9837748603428 -1.16761413574219 15 




-76.9837748603428 -1.16761413574219 17.5 
-85.4479781909699 -1.16761413574219 17.5 
-85.39 -1.76 17.5 
-84.51 -4.1 17.5 
-83.79 -6.42 17.5 
-83.78 -6.45 17.5 
-83.27 -8.79 17.5 
-82.01 -11.13 17.5 
-81.45 -12.96 17.5 
-81.25 -13.48 17.5 
-80.78 -15.82 17.5 
-79.25 -18.16 17.5 
-79.1 -19.27 17.5 
-78.94 -20.51 17.5 
-77.48 -22.85 17.5 
-76.9837748603428 -23.7735301210287 17.5 
-76.9837748603428 -1.16761413574219 17.5 




-76.9837748603428 -1.16761413574219 20 
-85.9353462158203 -1.16761413574219 20 
-85.76 -1.76 20 
-85.28 -4.1 20 
-84.9 -6.45 20 
-84.61 -8.79 20 
-84.35 -11.13 20 
-84.04 -13.48 20 
-83.79 -14.36 20 
-83.4 -15.82 20 
-82.54 -18.16 20 
-81.74 -20.51 20 
-81.45 -21.33 20 
-80.94 -22.85 20 
-80.03 -25.2 20 
-79.1 -26.68 20 
-78.45 -27.54 20 
-76.9837748603428 -29.4313436712738 20 
-76.9837748603428 -1.16761413574219 20 




-76.9837748603428 -1.16761413574219 22.5 
-83.8109415913676 -1.16761413574219 22.5 
-83.85 -1.76 22.5 
-83.97 -4.1 22.5 
-84.13 -6.45 22.5 
-84.06 -8.79 22.5 
-83.79 -9.93 22.5 
-83.5 -11.13 22.5 
-83.24 -13.48 22.5 
-82.83 -15.82 22.5 
-82.11 -18.16 22.5 
-81.45 -19.45 22.5 
-80.87 -20.51 22.5 
-79.94 -22.85 22.5 
-79.1 -23.84 22.5 
-77.66 -25.2 22.5 
-76.9837748603428 -25.7710345623772 22.5 
-76.9837748603428 -1.16761413574219 22.5 




-76.9837748603428 -1.16761413574219 25 
-85.7750415818235 -1.16761413574219 25 
-85.77 -1.76 25 
-85.79 -4.1 25 
-85.24 -6.45 25 
-84.67 -8.79 25 
-83.9 -11.13 25 
-83.79 -12.22 25 
-83.65 -13.48 25 
-81.45 -15.57 25 
-81.2 -15.82 25 
-79.1 -18.06 25 
-79 -18.16 25 
-77.15 -20.51 25 
-76.9837748603428 -20.6762251396572 25 
-76.9837748603428 -1.16761413574219 25 




-76.9837748603428 -1.16761413574219 27.5 
-86.0601663272939 -1.16761413574219 27.5 
-86.04 -1.76 27.5 
-86.09 -4.1 27.5 
-85.77 -6.45 27.5 
-84.7 -8.79 27.5 
-83.79 -10.96 27.5 
-83.68 -11.13 27.5 
-82.62 -13.48 27.5 
-81.45 -15.42 27.5 
-81.12 -15.82 27.5 
-80.49 -18.16 27.5 
-79.1 -20.18 27.5 
-78.85 -20.51 27.5 
-79 -22.85 27.5 
-77.65 -25.2 27.5 
-76.9837748603428 -26.9366767685447 27.5 
-76.9837748603428 -1.16761413574219 27.5 




-76.9837748603428 -1.16761413574219 30 
-86.605706890999 -1.16761413574219 30 
-86.52 -1.76 30 
-86.13 -2.91 30 
-85.73 -4.1 30 
-84.74 -6.45 30 
-83.79 -8.7 30 
-83.73 -8.79 30 
-83.44 -11.13 30 
-82.8 -13.48 30 
-82.86 -15.82 30 
-81.85 -18.16 30 
-81.45 -18.6 30 
-79.49 -20.51 30 
-79.1 -20.83 30 
-76.9837748603428 -22.1775108795253 30 
-76.9837748603428 -1.16761413574219 30 




-76.9837748603428 -1.16761413574219 32.5 
-86.5704989818817 -1.16761413574219 32.5 
-86.51 -1.76 32.5 
-86.13 -2.86 32.5 
-85.72 -4.1 32.5 
-84.79 -6.45 32.5 
-84 -8.79 32.5 
-83.79 -10.88 32.5 
-83.76 -11.13 32.5 
-83.53 -13.48 32.5 
-83.13 -15.82 32.5 
-81.45 -17.93 32.5 
-81.22 -18.16 32.5 
-79.1 -20.1 32.5 
-78.33 -20.51 32.5 
-76.9837748603428 -21.3674682418199 32.5 
-76.9837748603428 -1.16761413574219 32.5 




-66.9753110139266 3.60510986328125 -27.5 
-67.38 4.08 -27.5 
-68.2353598149437 4.55787707971032 -27.5 
-68.2353598149437 3.60510986328125 -27.5 
-66.9753110139266 3.60510986328125 -27.5 




-63.0122568565691 3.60510986328125 -25 
-64.13 5.27 -25 
-65.04 5.86 -25 
-67.38 6.75 -25 
-68.2353598149437 6.90651264698969 -25 
-68.2353598149437 3.60510986328125 -25 
-63.0122568565691 3.60510986328125 -25 




-62.34009765625 3.60510986328125 -22.5 
-62.7 4.01 -22.5 
-63.76 5.27 -22.5 
-65.04 7.49 -22.5 
-65.16 7.62 -22.5 
-67.38 8.98 -22.5 
-68.2353598149437 9.75615983207853 -22.5 
-68.2353598149437 3.60510986328125 -22.5 
-62.34009765625 3.60510986328125 -22.5 




-60.7453234918021 3.60510986328125 -20 
-61.91 5.27 -20 
-62.7 6.24 -20 
-63.8 7.62 -20 
-65.04 9.21 -20 
-65.68 9.96 -20 
-67.09 12.3 -20 
-67.38 12.62 -20 
-68.2353598149437 13.6597487570872 -20 
-68.2353598149437 3.60510986328125 -20 
-60.7453234918021 3.60510986328125 -20 




-60.0856106728002 3.60510986328125 -17.5 
-59.37 5.27 -17.5 
-59.29 7.62 -17.5 
-60.35 9.91 -17.5 
-60.48 9.96 -17.5 
-62.7 10.54 -17.5 
-65.04 11.07 -17.5 
-66.29 12.3 -17.5 
-67.38 13.43 -17.5 
-68.2353598149437 14.2715636888962 -17.5 
-68.2353598149437 3.60510986328125 -17.5 
-60.0856106728002 3.60510986328125 -17.5 




-57.5704172910493 3.60510986328125 -15 
-58.01 5.25 -15 
-58.02 5.27 -15 
-58.28 7.62 -15 
-58.55 9.96 -15 
-59.67 12.3 -15 
-60.35 13 -15 
-62.7 14.06 -15 
-63.68 14.65 -15 
-65.04 15.27 -15 
-67.1 16.99 -15 
-67.38 17.28 -15 
-68.2353598149437 17.3382372639962 -15 
-68.2353598149437 3.60510986328125 -15 
-57.5704172910493 3.60510986328125 -15 




-57.7398409564678 3.60510986328125 -12.5 
-58.01 3.97 -12.5 
-59.02 5.27 -12.5 
-60.35 6.91 -12.5 
-60.96 7.62 -12.5 
-62.7 9.78 -12.5 
-62.87 9.96 -12.5 
-64.71 12.3 -12.5 
-65.04 12.65 -12.5 
-66.31 14.65 -12.5 
-67.38 16.98 -12.5 
-67.39 16.99 -12.5 
-68.2353598149437 18.0087669564706 -12.5 
-68.2353598149437 3.60510986328125 -12.5 
-57.7398409564678 3.60510986328125 -12.5 




-55.2954033954327 3.60510986328125 -10 
-55.58 5.27 -10 
-55.66 5.71 -10 
-55.97 7.62 -10 
-56.39 9.96 -10 
-56.78 12.3 -10 
-57.24 14.65 -10 
-58.01 16.35 -10 
-60.35 15.42 -10 
-62.39 14.65 -10 
-62.7 14.49 -10 
-62.97 14.65 -10 
-65.04 16.28 -10 
-65.49 16.99 -10 
-67.38 19.33 -10 
-67.39 19.34 -10 
-68.2353598149437 20.39782992886 -10 
-68.2353598149437 3.60510986328125 -10 
-55.2954033954327 3.60510986328125 -10 




-53.8279461200421 3.60510986328125 -7.5 
-54.76 5.27 -7.5 
-55.66 7.07 -7.5 
-56.04 7.62 -7.5 
-57.34 9.96 -7.5 
-58.01 11.25 -7.5 
-58.58 12.3 -7.5 
-60.05 14.65 -7.5 
-60.35 15.02 -7.5 
-61.71 14.65 -7.5 
-62.7 14.42 -7.5 
-65.04 13.99 -7.5 
-66.19 14.65 -7.5 
-67.38 16.6 -7.5 
-67.58 16.99 -7.5 
-68.2353598149437 17.5874442964138 -7.5 
-68.2353598149437 3.60510986328125 -7.5 
-53.8279461200421 3.60510986328125 -7.5 




-54.0737162898137 3.60510986328125 -5 
-55.02 5.27 -5 
-55.66 7.11 -5 
-55.89 7.62 -5 
-56.72 9.96 -5 
-57.58 12.3 -5 
-58.01 13.5 -5 
-58.42 14.65 -5 
-59.27 16.99 -5 
-60.35 18.62 -5 
-62.7 17.68 -5 
-64.44 16.99 -5 
-65.04 16.7 -5 
-65.94 16.99 -5 
-67.38 18.13 -5 
-67.85 19.34 -5 
-68.2353598149437 19.9534299095022 -5 
-68.2353598149437 3.60510986328125 -5 
-54.0737162898137 3.60510986328125 -5 




-62.3054646809896 3.60510986328125 -2.5 
-60.35 3.68 -2.5 
-60.1213354492187 3.60510986328125 -2.5 
-56.9108427800359 3.60510986328125 -2.5 
-55.66 4.41 -2.5 
-55.04 5.27 -2.5 
-54.14 7.62 -2.5 
-55.66 9.26 -2.5 
-56.35 9.96 -2.5 
-58.01 11.77 -2.5 
-58.54 12.3 -2.5 
-60.35 14.21 -2.5 
-60.83 14.65 -2.5 
-62.7 16.53 -2.5 
-63.13 16.99 -2.5 
-65.04 18.85 -2.5 
-65.53 19.34 -2.5 
-67.38 21.13 -2.5 
-67.94 21.68 -2.5 
-68.2353598149437 21.9638094311191 -2.5 
-68.2353598149437 3.60510986328125 -2.5 
-62.3054646809896 3.60510986328125 -2.5 




-59.789945259424 3.60510986328125 -1.45379319051652 
-58.774632050818 6.45242183074681 -1.45379319051652 
-56.7677878843285 5.32882193174597 -1.45379319051652 
-55.0971423155428 4.18126334414225 -1.45379319051652 
-55.0680664517324 4.16381782585605 -1.45379319051652 
-55.0389905879221 4.18126334414225 -1.45379319051652 
-53.7015008526469 5.04190891292803 -1.45379319051652 
-53.6799311476715 6.25343440091448 -1.45379319051652 
-53.1565655990855 7.62 -1.45379319051652 
-54.6807504263235 9.74962478683827 -1.45379319051652 
-55.081997346906 10.1566868801829 -1.45379319051652 
-57.0265655990855 12.7450647464386 -1.45379319051652 
-57.5440111173717 13.2834344009145 -1.45379319051652 
-59.3163476722303 15.3733819721456 -1.45379319051652 
-59.5954759648095 15.6292495736765 -1.45379319051652 
-62.7 17.5845764639594 -1.45379319051652 
-62.9500524287688 17.8520744110144 -1.45379319051652 
-65.04 18.7286400100999 -1.45379319051652 
-65.8229379066554 19.34 -1.45379319051652 
-67.38 21.2136965447587 -1.45379319051652 
-67.7809765649585 21.68 -1.45379319051652 
-68.2353598149437 22.1356251281871 -1.45379319051652 
-68.2353598149437 3.60510986328125 -1.45379319051652 
-59.789945259424 3.60510986328125 -1.45379319051652 




-59.4198961312428 4.64286383150468 -1.45379319051652 
-58.774632050818 6.45242183074681 -1.45379319051652 
-56.7677878843285 5.32882193174597 -1.45379319051652 
-55.7691522826955 4.64286383150468 -1.45379319051652 
-54.3216384791832 4.64286383150468 -1.45379319051652 
-53.7015008526469 5.04190891292803 -1.45379319051652 
-53.6799311476715 6.25343440091448 -1.45379319051652 
-53.1565655990855 7.62 -1.45379319051652 
-54.6807504263235 9.74962478683827 -1.45379319051652 
-55.081997346906 10.1566868801829 -1.45379319051652 
-57.0265655990855 12.7450647464386 -1.45379319051652 
-57.5440111173717 13.2834344009145 -1.45379319051652 
-59.3163476722303 15.3733819721456 -1.45379319051652 
-59.5954759648095 15.6292495736765 -1.45379319051652 
-62.7 17.5845764639594 -1.45379319051652 
-62.9500524287688 17.8520744110144 -1.45379319051652 
-62.9768603515625 17.8633181872829 -1.45379319051652 
-62.9768603515625 4.64286383150468 -1.45379319051652 
-59.4198961312428 4.64286383150468 -1.45379319051652 




-50.2603515011755 4.64286383150468 0 
-50.59 5.27 0 
-50.98 5.92 0 
-51.79 7.62 0 
-52.98 9.96 0 
-53.32 10.43 0 
-54.34 12.3 0 
-55.66 14.1 0 
-56.16 14.65 0 
-57.88 16.99 0 
-58.01 17.19 0 
-59.89 19.34 0 
-60.35 19.65 0 
-61.59 19.34 0 
-62.7 19.05 0 
-62.9768603515625 18.9920249691173 0 
-62.9768603515625 4.64286383150468 0 
-50.2603515011755 4.64286383150468 0 




-47.8541872172152 4.64286383150468 2.5 
-48.35 5.27 2.5 
-48.63 5.56 2.5 
-50.2 7.62 2.5 
-50.98 8.62 2.5 
-51.94 9.96 2.5 
-53.32 11.91 2.5 
-53.7 12.3 2.5 
-55.52 14.65 2.5 
-55.66 14.8 2.5 
-58.01 16.83 2.5 
-58.18 16.99 2.5 
-60.35 18.7 2.5 
-62.7 17.11 2.5 
-62.9768603515625 17.2271332256611 2.5 
-62.9768603515625 4.64286383150468 2.5 
-47.8541872172152 4.64286383150468 2.5 




-45.6226800690961 4.64286383150468 5 
-45.62 5.27 5 
-45.6 7.62 5 
-46.15 9.96 5 
-46.29 10.09 5 
-48.2 12.3 5 
-48.63 12.79 5 
-50.09 14.65 5 
-50.98 15.46 5 
-53.32 16.76 5 
-55.66 16.56 5 
-58.01 16.24 5 
-60.35 16.52 5 
-61.12 16.99 5 
-62.7 17.8 5 
-62.9768603515625 17.9242322090345 5 
-62.9768603515625 4.64286383150468 5 
-45.6226800690961 4.64286383150468 5 




-44.4474370979624 4.64286383150468 7.5 
-44.56 5.27 7.5 
-45.04 7.62 7.5 
-45.89 9.96 7.5 
-46.29 10.82 7.5 
-46.91 12.3 7.5 
-48.63 14.09 7.5 
-49.31 14.65 7.5 
-50.98 15.66 7.5 
-53.32 16.96 7.5 
-53.4 16.99 7.5 
-55.66 17.58 7.5 
-58.01 17.74 7.5 
-60.35 17.89 7.5 
-62.7 18.35 7.5 
-62.9768603515625 18.439920456063 7.5 
-62.9768603515625 4.64286383150468 7.5 
-44.4474370979624 4.64286383150468 7.5 




-61.6083281971136 4.64286383150468 10 
-60.37 5.27 10 
-60.35 5.28 10 
-60.27 5.27 10 
-58.01 5.05 10 
-57.0236391794186 4.64286383150468 10 
-44.791206218652 4.64286383150468 10 
-44.55 5.27 10 
-44.11 7.62 10 
-43.95 7.84 10 
-42.97 9.96 10 
-43.07 12.3 10 
-43.68 14.65 10 
-43.95 15.07 10 
-44.82 16.99 10 
-46.23 19.34 10 
-46.29 19.41 10 
-47.42 21.68 10 
-48.63 23.28 10 
-50.98 23.85 10 
-52.64 21.68 10 
-53.32 20.96 10 
-55.38 19.34 10 
-55.66 19.05 10 
-58.01 18.01 10 
-60.35 18.51 10 
-62.7 18.74 10 
-62.9768603515625 18.7896928836138 10 
-62.9768603515625 4.64286383150468 10 
-61.6083281971136 4.64286383150468 10 




-49.3324395418271 4.64286383150468 12.0411204682533 
-49.2709775165701 4.84048875828506 12.0411204682533 
-51.4471273535253 6.97022658304663 12.0411204682533 
-49.6618476736489 9.53048875828506 12.0411204682533 
-49.71899904676 9.82441010571353 12.0411204682533 
-49.9427296947916 12.8084385211754 12.0411204682533 
-52.3860427689218 15.4576279758743 12.0411204682533 
-52.7836947643818 17.4213467598419 12.0411204682533 
-53.32 19.5965315272068 12.0411204682533 
-55.66 17.7191894546989 12.0411204682533 
-57.2670321495558 17.1772228489527 12.0411204682533 
-58.01 16.9486173565083 12.0411204682533 
-60.35 17.0485577447307 12.0411204682533 
-61.9978545589209 17.3112156722227 12.0411204682533 
-62.7 17.4581763459369 12.0411204682533 
-62.9768603515625 17.6518020402052 12.0411204682533 
-62.9768603515625 4.64286383150468 12.0411204682533 
-49.3324395418271 4.64286383150468 12.0411204682533 




-60.9009845254628 -1.16761413574219 12.0411204682533 
-60.6877353353656 -0.682288392762275 12.0411204682533 
-59.7978068112072 0.158653240158071 12.0411204682533 
-57.3804172824435 1.02271753926969 12.0411204682533 
-55.4617640422854 0.622657927492052 12.0411204682533 
-55.3719547416823 0.59 12.0411204682533 
-53.5512752840004 0.0674731601271637 12.0411204682533 
-51.7556257779362 0.197199120824796 12.0411204682533 
-50.5486532401581 1.28568538971388 12.0411204682533 
-50.0261264002852 2.41238388818968 12.0411204682533 
-49.2709775165701 4.84048875828506 12.0411204682533 
-51.4471273535253 6.97022658304663 12.0411204682533 
-49.6618476736489 9.53048875828506 12.0411204682533 
-49.71899904676 9.82441010571353 12.0411204682533 
-49.9427296947916 12.8084385211754 12.0411204682533 
-52.3860427689218 15.4576279758743 12.0411204682533 
-52.7836947643818 17.4213467598419 12.0411204682533 
-53.32 19.5965315272068 12.0411204682533 
-55.66 17.7191894546989 12.0411204682533 
-57.2670321495558 17.1772228489527 12.0411204682533 
-58.01 16.9486173565083 12.0411204682533 
-60.35 17.0485577447307 12.0411204682533 
-61.9978545589209 17.3112156722227 12.0411204682533 
-62.7 17.4581763459369 12.0411204682533 
-64.6890867562283 18.84926864919 12.0411204682533 
-64.6890867562283 -1.16761413574219 12.0411204682533 
-60.9009845254628 -1.16761413574219 12.0411204682533 




-60.6697092414625 -1.16761413574219 12.5 
-60.35 -0.44 12.5 
-59.26 0.59 12.5 
-58.01 1.12 12.5 
-55.66 0.63 12.5 
-55.55 0.59 12.5 
-53.32 -0.05 12.5 
-51.93 0.59 12.5 
-50.98 1.55 12.5 
-50.34 2.93 12.5 
-50.13 5.27 12.5 
-50.5 7.62 12.5 
-50.91 9.96 12.5 
-50.98 10.32 12.5 
-51.29 12.3 12.5 
-51.65 14.65 12.5 
-52.2 16.99 12.5 
-53.32 19.29 12.5 
-55.66 17.42 12.5 
-57.1 16.99 12.5 
-58.01 16.71 12.5 
-60.35 16.72 12.5 
-61.84 16.99 12.5 
-62.7 17.17 12.5 
-64.6890867562283 18.7935708138444 12.5 
-64.6890867562283 -1.16761413574219 12.5 
-60.6697092414625 -1.16761413574219 12.5 




-59.7572148998364 -1.16761413574219 15 
-58.01 0.49 15 
-55.66 -0.16 15 
-54.0985317366644 -1.16761413574219 15 
-49.4051247454704 -1.16761413574219 15 
-49.45 0.59 15 
-49.57 2.93 15 
-50.12 5.27 15 
-50.98 7.57 15 
-51 7.62 15 
-51.86 9.96 15 
-52.76 12.3 15 
-53.32 14.37 15 
-53.42 14.65 15 
-53.96 16.99 15 
-55.66 18.88 15 
-57.98 16.99 15 
-58.01 16.96 15 
-60.35 15.52 15 
-62.7 15.03 15 
-64.6890867562283 15.9820415243486 15 
-64.6890867562283 -1.16761413574219 15 
-59.7572148998364 -1.16761413574219 15 




-60.5426871182056 -1.16761413574219 17.5 
-60.61 0.59 17.5 
-60.35 1.11 17.5 
-58.51 2.93 17.5 
-58.01 3.17 17.5 
-57.61 2.93 17.5 
-55.66 1.85 17.5 
-54.19 0.59 17.5 
-53.32 -0.06 17.5 
-51.49 0.59 17.5 
-51.96 2.93 17.5 
-52.49 5.27 17.5 
-53.01 7.62 17.5 
-53.32 9.05 17.5 
-53.53 9.96 17.5 
-54.05 12.3 17.5 
-54.57 14.65 17.5 
-55.66 16.69 17.5 
-56.95 16.99 17.5 
-58.01 17.22 17.5 
-60.35 17.02 17.5 
-62.7 17.08 17.5 
-64.6890867562283 17.5730215036805 17.5 
-64.6890867562283 -1.16761413574219 17.5 
-60.5426871182056 -1.16761413574219 17.5 




-60.1317723180893 -1.16761413574219 20 
-59.87 0.59 20 
-59.97 2.93 20 
-59.69 5.27 20 
-58.01 5.47 20 
-57.75 5.27 20 
-55.66 3.32 20 
-55.37 2.93 20 
-53.32 0.67 20 
-51.51 2.93 20 
-51.46 5.27 20 
-52.09 7.62 20 
-52.98 9.96 20 
-53.32 10.66 20 
-53.99 12.3 20 
-55 14.65 20 
-55.66 15.57 20 
-57.94 16.99 20 
-58.01 17.04 20 
-60.35 18.71 20 
-61.98 19.34 20 
-62.7 19.66 20 
-64.6890867562283 20.0255159423838 20 
-64.6890867562283 -1.16761413574219 20 
-60.1317723180893 -1.16761413574219 20 




-60.5556237273521 -1.16761413574219 22.5 
-60.78 0.59 22.5 
-61.01 2.93 22.5 
-60.35 4.69 22.5 
-60.07 5.27 22.5 
-59.6 7.62 22.5 
-60.35 8.47 22.5 
-62.7 9.51 22.5 
-64.6890867562283 9.88401631313694 22.5 
-64.6890867562283 -1.16761413574219 22.5 
-60.5556237273521 -1.16761413574219 22.5 




-64.6890867562283 -0.911894782156492 25 
-63.85 0.59 25 
-63.45 2.93 25 
-64.6890867562283 4.11453576696036 25 
-64.6890867562283 -0.911894782156492 25 




-68.2353598149437 4.55787707971032 -27.5 
-69.51 5.27 -27.5 
-69.73 5.44 -27.5 
-72.07 5.58 -27.5 
-72.37 5.27 -27.5 
-72.5976772836539 3.60510986328125 -27.5 
-68.2353598149437 3.60510986328125 -27.5 
-68.2353598149437 4.55787707971032 -27.5 




-68.2353598149437 6.90651264698969 -25 
-69.73 7.18 -25 
-72.07 6.67 -25 
-72.82 5.27 -25 
-73.5457213416466 3.60510986328125 -25 
-68.2353598149437 3.60510986328125 -25 
-68.2353598149437 6.90651264698969 -25 




-68.2353598149437 9.75615983207853 -22.5 
-68.46 9.96 -22.5 
-69.73 10.97 -22.5 
-72.07 11.19 -22.5 
-73.6 9.96 -22.5 
-74.41 7.96 -22.5 
-74.5932817669495 7.6484209961858 -22.5 
-74.5932817669495 3.60510986328125 -22.5 
-68.2353598149437 3.60510986328125 -22.5 
-68.2353598149437 9.75615983207853 -22.5 




-68.2353598149437 13.6597487570872 -20 
-69.05 14.65 -20 
-69.73 16.88 -20 
-69.77 16.99 -20 
-72.07 18.59 -20 
-74.41 18.86 -20 
-74.5932817669495 18.7445714829424 -20 
-74.5932817669495 3.60510986328125 -20 
-68.2353598149437 3.60510986328125 -20 
-68.2353598149437 13.6597487570872 -20 




-68.2353598149437 14.2715636888962 -17.5 
-68.62 14.65 -17.5 
-69.73 15.76 -17.5 
-70.96 16.99 -17.5 
-72.07 18.09 -17.5 
-73.29 19.34 -17.5 
-74.41 20.43 -17.5 
-74.5932817669495 20.534137367585 -17.5 
-74.5932817669495 3.60510986328125 -17.5 
-68.2353598149437 3.60510986328125 -17.5 
-68.2353598149437 14.2715636888962 -17.5 




-68.2353598149437 17.3382372639962 -15 
-69.73 17.44 -15 
-72.07 18.7 -15 
-74.41 18.87 -15 
-74.5932817669495 18.755351405355 -15 
-74.5932817669495 3.60510986328125 -15 
-68.2353598149437 3.60510986328125 -15 
-68.2353598149437 17.3382372639962 -15 




-68.2353598149437 18.0087669564706 -12.5 
-69.34 19.34 -12.5 
-69.73 19.78 -12.5 
-70.94 21.68 -12.5 
-72.07 23.46 -12.5 
-72.55 24.02 -12.5 
-74.41 25.36 -12.5 
-74.5932817669495 25.3139845776595 -12.5 
-74.5932817669495 3.60510986328125 -12.5 
-68.2353598149437 3.60510986328125 -12.5 
-68.2353598149437 18.0087669564706 -12.5 




-68.2353598149437 20.39782992886 -10 
-69.26 21.68 -10 
-69.73 22.15 -10 
-71.15 24.02 -10 
-72.07 25.2 -10 
-74.41 25.11 -10 
-74.5932817669495 25.0091024616288 -10 
-74.5932817669495 3.60510986328125 -10 
-68.2353598149437 3.60510986328125 -10 
-68.2353598149437 20.39782992886 -10 




-68.2353598149437 17.5874442964138 -7.5 
-69.73 18.95 -7.5 
-70.08 19.34 -7.5 
-72.07 21.67 -7.5 
-72.08 21.68 -7.5 
-74.41 23.08 -7.5 
-74.5932817669495 23.012146750108 -7.5 
-74.5932817669495 3.60510986328125 -7.5 
-68.2353598149437 3.60510986328125 -7.5 
-68.2353598149437 17.5874442964138 -7.5 




-68.2353598149437 19.9534299095022 -5 
-69.32 21.68 -5 
-69.73 22.65 -5 
-70.87 24.02 -5 
-72.07 24.58 -5 
-74.22 24.02 -5 
-74.41 23.96 -5 
-74.5932817669495 23.8773282242696 -5 
-74.5932817669495 3.60510986328125 -5 
-68.2353598149437 3.60510986328125 -5 
-68.2353598149437 19.9534299095022 -5 




-68.2353598149437 21.9638094311191 -2.5 
-69.73 23.4 -2.5 
-70.36 24.02 -2.5 
-72.07 25.68 -2.5 
-74.41 25.44 -2.5 
-74.5932817669495 25.313043849235 -2.5 
-74.5932817669495 3.60510986328125 -2.5 
-68.2353598149437 3.60510986328125 -2.5 
-68.2353598149437 21.9638094311191 -2.5 




-68.2353598149437 22.1356251281871 -1.45379319051652 
-69.73 23.6343503253243 -1.45379319051652 
-70.4771751626621 24.02 -1.45379319051652 
-72.07 25.0271669508823 -1.45379319051652 
-74.41 24.9085269407824 -1.45379319051652 
-74.5932817669495 24.7881919736205 -1.45379319051652 
-74.5932817669495 3.60510986328125 -1.45379319051652 
-68.2353598149437 3.60510986328125 -1.45379319051652 
-68.2353598149437 22.1356251281871 -1.45379319051652 




-62.9768603515625 17.8633181872829 -1.45379319051652 
-65.04 18.7286400100999 -1.45379319051652 
-65.8229379066554 19.34 -1.45379319051652 
-67.38 21.2136965447587 -1.45379319051652 
-67.7809765649585 21.68 -1.45379319051652 
-69.73 23.6343503253243 -1.45379319051652 
-70.4771751626621 24.02 -1.45379319051652 
-72.07 25.0271669508823 -1.45379319051652 
-73.2109326171875 24.9693206871103 -1.45379319051652 
-73.2109326171875 4.64286383150468 -1.45379319051652 
-62.9768603515625 4.64286383150468 -1.45379319051652 
-62.9768603515625 17.8633181872829 -1.45379319051652 




-62.9768603515625 18.9920249691173 0 
-65.04 18.56 0 
-66.23 19.34 0 
-67.38 21.33 0 
-67.56 21.68 0 
-69.73 23.96 0 
-70.64 24.02 0 
-72.07 24.12 0 
-73.2109326171875 24.1443789020767 0 
-73.2109326171875 4.64286383150468 0 
-62.9768603515625 4.64286383150468 0 
-62.9768603515625 18.9920249691173 0 




-62.9768603515625 17.2271332256611 2.5 
-65.04 18.1 2.5 
-67.38 19.29 2.5 
-67.43 19.34 2.5 
-68.18 21.68 2.5 
-68.87 24.02 2.5 
-69.73 25.15 2.5 
-71.44 26.37 2.5 
-72.07 26.81 2.5 
-73.15 26.37 2.5 
-73.2109326171875 26.3448532056052 2.5 
-73.2109326171875 4.64286383150468 2.5 
-62.9768603515625 4.64286383150468 2.5 
-62.9768603515625 17.2271332256611 2.5 




-62.9768603515625 17.9242322090345 5 
-65.04 18.85 5 
-65.55 19.34 5 
-67.38 21.2 5 
-67.85 21.68 5 
-69.73 23.13 5 
-72.07 23.85 5 
-73.2109326171875 23.6695961246327 5 
-73.2109326171875 4.64286383150468 5 
-62.9768603515625 4.64286383150468 5 
-62.9768603515625 17.9242322090345 5 




-62.9768603515625 18.439920456063 7.5 
-65.04 19.11 7.5 
-65.58 19.34 7.5 
-67.38 19.95 7.5 
-69.73 20.82 7.5 
-72.07 21.65 7.5 
-73.2109326171875 21.3818320771568 7.5 
-73.2109326171875 4.64286383150468 7.5 
-62.9768603515625 4.64286383150468 7.5 
-62.9768603515625 18.439920456063 7.5 




-62.9768603515625 18.7896928836138 10 
-65.04 19.16 10 
-65.41 19.34 10 
-67.38 20.06 10 
-69.73 20.91 10 
-72.07 21.01 10 
-73.2109326171875 20.8442234658787 10 
-73.2109326171875 4.64286383150468 10 
-62.9768603515625 4.64286383150468 10 
-62.9768603515625 18.7896928836138 10 




-62.9768603515625 17.6518020402052 12.0411204682533 
-65.04 19.0946841450159 12.0411204682533 
-65.3038617356508 19.34 12.0411204682533 
-67.38 21.341823654063 12.0411204682533 
-67.7800596117776 21.3826460634281 12.0411204682533 
-69.73 21.6692968141902 12.0411204682533 
-70.2361978761268 21.538665104222 12.0411204682533 
-72.07 21.2222765286983 12.0411204682533 
-73.2109326171875 20.6982260072172 12.0411204682533 
-73.2109326171875 4.64286383150468 12.0411204682533 
-62.9768603515625 4.64286383150468 12.0411204682533 
-62.9768603515625 17.6518020402052 12.0411204682533 




-64.6890867562283 18.84926864919 12.0411204682533 
-65.04 19.0946841450159 12.0411204682533 
-65.3038617356508 19.34 12.0411204682533 
-67.38 21.341823654063 12.0411204682533 
-67.7800596117776 21.3826460634281 12.0411204682533 
-69.73 21.6692968141902 12.0411204682533 
-70.2361978761268 21.538665104222 12.0411204682533 
-72.07 21.2222765286983 12.0411204682533 
-74.0436274330968 20.3157545571612 12.0411204682533 
-74.0436274330968 -1.16761413574219 12.0411204682533 
-64.6890867562283 -1.16761413574219 12.0411204682533 
-64.6890867562283 18.84926864919 12.0411204682533 




-64.6890867562283 18.7935708138444 12.5 
-65.04 19.08 12.5 
-65.28 19.34 12.5 
-67.38 21.63 12.5 
-67.87 21.68 12.5 
-69.73 21.84 12.5 
-70.35 21.68 12.5 
-72.07 21.27 12.5 
-74.0436274330968 20.2241461465641 12.5 
-74.0436274330968 -1.16761413574219 12.5 
-64.6890867562283 -1.16761413574219 12.5 
-64.6890867562283 18.7935708138444 12.5 




-64.6890867562283 15.9820415243486 15 
-65.04 16.15 15 
-65.78 16.99 15 
-66.94 19.34 15 
-67.38 21.02 15 
-69.73 19.52 15 
-69.87 19.34 15 
-70.56 16.99 15 
-72.07 14.96 15 
-72.37 14.65 15 
-74.0436274330968 13.0912293515275 15 
-74.0436274330968 -1.16761413574219 15 
-64.6890867562283 -1.16761413574219 15 
-64.6890867562283 15.9820415243486 15 




-64.6890867562283 17.5730215036805 17.5 
-65.04 17.66 17.5 
-67.38 19.16 17.5 
-69.73 18.9 17.5 
-71.41 16.99 17.5 
-72.07 14.99 17.5 
-72.22 14.65 17.5 
-74.0436274330968 13.2094175985126 17.5 
-74.0436274330968 -1.16761413574219 17.5 
-64.6890867562283 -1.16761413574219 17.5 
-64.6890867562283 17.5730215036805 17.5 




-64.6890867562283 20.0255159423838 20 
-65.04 20.09 20 
-67.38 20.93 20 
-69.73 20.82 20 
-71.67 19.34 20 
-72.07 18.95 20 
-74.0436274330968 17.3980878303855 20 
-74.0436274330968 -1.16761413574219 20 
-64.6890867562283 -1.16761413574219 20 
-64.6890867562283 20.0255159423838 20 




-64.6890867562283 9.88401631313694 22.5 
-65.04 9.95 22.5 
-67.38 8.91 22.5 
-69.73 8.06 22.5 
-72.07 7.75 22.5 
-73.24 7.62 22.5 
-74.0436274330968 7.53070806298925 22.5 
-74.0436274330968 -1.16761413574219 22.5 
-64.6890867562283 -1.16761413574219 22.5 
-64.6890867562283 9.88401631313694 22.5 




-64.8319534373395 -1.16761413574219 25 
-64.6890867562283 -0.911894782156492 25 
-64.6890867562283 4.11453576696036 25 
-65.04 4.45 25 
-66.5 5.27 25 
-67.38 5.83 25 
-69.73 5.64 25 
-72.07 5.52 25 
-74.0436274330968 5.42722264203391 25 
-74.0436274330968 -1.16761413574219 25 
-64.8319534373395 -1.16761413574219 25 




-67.0458732182929 -1.16761413574219 27.5 
-67.36 0.59 27.5 
-67.38 0.61 27.5 
-69.73 2.28 27.5 
-71.18 2.93 27.5 
-72.07 3.37 27.5 
-74.0436274330968 4.09535025318941 27.5 
-74.0436274330968 -1.16761413574219 27.5 
-67.0458732182929 -1.16761413574219 27.5 




-69.8034688313802 -1.16761413574219 30 
-72.07 0.14 30 
-74.0436274330968 -0.27328095821257 30 
-74.0436274330968 -1.16761413574219 30 
-69.8034688313802 -1.16761413574219 30 




-70.5421561150802 -1.16761413574219 32.5 
-72.07 0.14 32.5 
-74.0436274330968 -0.0624233264714629 32.5 
-74.0436274330968 -1.16761413574219 32.5 
-70.5421561150802 -1.16761413574219 32.5 




-72.1939097128109 -1.16761413574219 35 
-73.27 0.59 35 
-74.0436274330968 1.28897917200848 35 
-74.0436274330968 -1.16761413574219 35 
-72.1939097128109 -1.16761413574219 35 




-74.5932817669495 7.6484209961858 -22.5 
-74.61 7.62 -22.5 
-74.93 5.27 -22.5 
-75.5774572753906 3.60510986328125 -22.5 
-74.5932817669495 3.60510986328125 -22.5 
-74.5932817669495 7.6484209961858 -22.5 




-74.5932817669495 18.7445714829424 -20 
-76.76 17.38 -20 
-77.11 16.99 -20 
-78.47 14.65 -20 
-79.1 12.77 -20 
-79.28 12.3 -20 
-79.72 9.96 -20 
-79.94 7.62 -20 
-79.1 5.72 -20 
-78.83 5.27 -20 
-78.0188996769832 3.60510986328125 -20 
-74.5932817669495 3.60510986328125 -20 
-74.5932817669495 18.7445714829424 -20 




-74.5932817669495 20.534137367585 -17.5 
-76.61 21.68 -17.5 
-76.76 21.81 -17.5 
-76.9 21.68 -17.5 
-78.63 19.34 -17.5 
-79.1 18.79 -17.5 
-80.24 16.99 -17.5 
-80.77 14.65 -17.5 
-80.92 12.3 -17.5 
-81.26 9.96 -17.5 
-80.59 7.62 -17.5 
-79.6 5.27 -17.5 
-79.1 4.07 -17.5 
-78.9083347681949 3.60510986328125 -17.5 
-74.5932817669495 3.60510986328125 -17.5 
-74.5932817669495 20.534137367585 -17.5 




-74.5932817669495 18.755351405355 -15 
-76.76 17.4 -15 
-77.33 16.99 -15 
-79.1 15.04 -15 
-79.37 14.65 -15 
-80.57 12.3 -15 
-81.45 10.25 -15 
-81.62 9.96 -15 
-81.49 7.62 -15 
-81.45 7.56 -15 
-80.37 5.27 -15 
-79.7652322152945 3.60510986328125 -15 
-74.5932817669495 3.60510986328125 -15 
-74.5932817669495 18.755351405355 -15 




-74.5932817669495 25.3139845776595 -12.5 
-76.76 24.77 -12.5 
-77.5 24.02 -12.5 
-78.55 21.68 -12.5 
-79.1 20.87 -12.5 
-80.05 19.34 -12.5 
-81.45 17.08 -12.5 
-81.53 16.99 -12.5 
-82.16 14.65 -12.5 
-83.15 12.3 -12.5 
-82.58 9.96 -12.5 
-81.45 7.89 -12.5 
-81.2 7.62 -12.5 
-80.55 5.27 -12.5 
-79.7246698467548 3.60510986328125 -12.5 
-74.5932817669495 3.60510986328125 -12.5 
-74.5932817669495 25.3139845776595 -12.5 




-74.5932817669495 25.0091024616288 -10 
-76.39 24.02 -10 
-76.76 23.7 -10 
-79.04 21.68 -10 
-79.1 21.55 -10 
-79.86 19.34 -10 
-80.63 16.99 -10 
-81.28 14.65 -10 
-81.45 12.62 -10 
-81.47 12.3 -10 
-81.45 12.03 -10 
-81.25 9.96 -10 
-80.81 7.62 -10 
-80.37 5.27 -10 
-80.0711735652043 3.60510986328125 -10 
-74.5932817669495 3.60510986328125 -10 
-74.5932817669495 25.0091024616288 -10 




-74.5932817669495 23.012146750108 -7.5 
-76.76 22.21 -7.5 
-77.29 21.68 -7.5 
-78.74 19.34 -7.5 
-79.1 18.9 -7.5 
-80.3 16.99 -7.5 
-81.45 15.55 -7.5 
-82.21 14.65 -7.5 
-82.83 12.3 -7.5 
-82.79 9.96 -7.5 
-82.18 7.62 -7.5 
-81.45 5.41 -7.5 
-81.38 5.27 -7.5 
-80.8179217059796 3.60510986328125 -7.5 
-74.5932817669495 3.60510986328125 -7.5 
-74.5932817669495 23.012146750108 -7.5 




-74.5932817669495 23.8773282242696 -5 
-76.76 22.9 -5 
-79.1 21.85 -5 
-79.28 21.68 -5 
-80.7 19.34 -5 
-81.45 17.83 -5 
-81.92 16.99 -5 
-83.13 14.65 -5 
-83.54 12.3 -5 
-83.26 9.96 -5 
-82.96 7.62 -5 
-82.49 5.27 -5 
-81.9350366210937 3.60510986328125 -5 
-74.5932817669495 3.60510986328125 -5 
-74.5932817669495 23.8773282242696 -5 




-74.5932817669495 25.313043849235 -2.5 
-76.46 24.02 -2.5 
-76.76 23.74 -2.5 
-78.85 21.68 -2.5 
-79.1 21.4 -2.5 
-80.44 19.34 -2.5 
-81.45 17.72 -2.5 
-82 16.99 -2.5 
-83.54 14.65 -2.5 
-83.79 13.34 -2.5 
-83.98 12.3 -2.5 
-83.87 9.96 -2.5 
-83.8 7.62 -2.5 
-83.79 7.38 -2.5 
-83.71 5.27 -2.5 
-83.0910023850661 3.60510986328125 -2.5 
-74.5932817669495 3.60510986328125 -2.5 
-74.5932817669495 25.313043849235 -2.5 




-74.5932817669495 24.7881919736205 -1.45379319051652 
-76.585544817138 23.4801572863065 -1.45379319051652 
-76.76 23.3173324489687 -1.45379319051652 
-78.7077158739102 21.68 -1.45379319051652 
-79.1 21.3330427641931 -1.45379319051652 
-80.8626675510313 19.7459282420796 -1.45379319051652 
-81.9689185775038 18.3979420125453 -1.45379319051652 
-82.7490840755902 17.5926151222625 -1.45379319051652 
-84.4439226833937 14.65 -1.45379319051652 
-84.5893020024454 13.8882123681693 -1.45379319051652 
-84.8378895837765 12.3 -1.45379319051652 
-84.4767999495004 9.96 -1.45379319051652 
-84.1264165245588 7.62 -1.45379319051652 
-84.1206013517968 7.48043585371041 -1.45379319051652 
-83.7685875813311 5.27 -1.45379319051652 
-83.1853195950757 3.60510986328125 -1.45379319051652 
-74.5932817669495 3.60510986328125 -1.45379319051652 
-74.5932817669495 24.7881919736205 -1.45379319051652 




-73.2109326171875 24.9693206871103 -1.45379319051652 
-74.41 24.9085269407824 -1.45379319051652 
-76.585544817138 23.4801572863065 -1.45379319051652 
-76.76 23.3173324489687 -1.45379319051652 
-78.7077158739102 21.68 -1.45379319051652 
-79.1 21.3330427641931 -1.45379319051652 
-80.8626675510313 19.7459282420796 -1.45379319051652 
-81.9689185775038 18.3979420125453 -1.45379319051652 
-82.7490840755902 17.5926151222625 -1.45379319051652 
-84.4439226833937 14.65 -1.45379319051652 
-84.5893020024454 13.8882123681693 -1.45379319051652 
-84.8378895837765 12.3 -1.45379319051652 
-84.4767999495004 9.96 -1.45379319051652 
-84.1264165245588 7.62 -1.45379319051652 
-84.1206013517968 7.48043585371041 -1.45379319051652 
-83.7685875813311 5.27 -1.45379319051652 
-83.5488803213511 4.64286383150468 -1.45379319051652 
-73.2109326171875 4.64286383150468 -1.45379319051652 
-73.2109326171875 24.9693206871103 -1.45379319051652 




-73.2109326171875 24.1443789020767 0 
-74.41 24.17 0 
-74.58 24.02 0 
-76.76 22.73 0 
-78.51 21.68 0 
-79.1 21.24 0 
-81.45 20.31 0 
-82.69 19.34 0 
-83.79 18.43 0 
-85.44 16.99 0 
-85.7 14.65 0 
-86.03 12.3 0 
-85.32 9.96 0 
-84.58 7.62 0 
-83.85 5.27 0 
-83.79 5.13 0 
-83.6372163835174 4.64286383150468 0 
-73.2109326171875 4.64286383150468 0 
-73.2109326171875 24.1443789020767 0 




-73.2109326171875 26.3448532056052 2.5 
-74.41 25.85 2.5 
-75.91 24.02 2.5 
-76.76 23.18 2.5 
-79.07 21.68 2.5 
-79.1 21.65 2.5 
-81.45 20.55 2.5 
-83.79 19.51 2.5 
-83.99 19.34 2.5 
-86.07 16.99 2.5 
-86.13 16.87 2.5 
-86.91 14.65 2.5 
-86.37 12.3 2.5 
-86.13 11.57 2.5 
-85.67 9.96 2.5 
-84.96 7.62 2.5 
-84.25 5.27 2.5 
-84.0740959527391 4.64286383150468 2.5 
-73.2109326171875 4.64286383150468 2.5 
-73.2109326171875 26.3448532056052 2.5 




-73.2109326171875 23.6695961246327 5 
-74.41 23.48 5 
-76.76 22.59 5 
-78.2 21.68 5 
-79.1 20.8 5 
-80.55 19.34 5 
-81.45 18.65 5 
-83.46 16.99 5 
-83.79 15.76 5 
-84.09 14.65 5 
-84.64 12.3 5 
-84.49 9.96 5 
-84.58 7.62 5 
-84.68 5.27 5 
-84.5165157851358 4.64286383150468 5 
-73.2109326171875 4.64286383150468 5 
-73.2109326171875 23.6695961246327 5 




-73.2109326171875 21.3818320771568 7.5 
-74.41 21.1 7.5 
-75.76 19.34 7.5 
-76.76 17.87 7.5 
-77.46 16.99 7.5 
-78.71 14.65 7.5 
-79.1 14.26 7.5 
-80.6 12.3 7.5 
-81.45 11.27 7.5 
-82.54 9.96 7.5 
-83.79 8.11 7.5 
-84.2 7.62 7.5 
-83.89 5.27 7.5 
-83.79 4.76 7.5 
-83.7701572610746 4.64286383150468 7.5 
-73.2109326171875 4.64286383150468 7.5 
-73.2109326171875 21.3818320771568 7.5 




-73.2109326171875 20.8442234658787 10 
-74.41 20.67 10 
-76.76 19.67 10 
-77.9 19.34 10 
-79.1 18.97 10 
-80.82 16.99 10 
-81.45 15.31 10 
-81.73 14.65 10 
-83.21 12.3 10 
-83.37 9.96 10 
-83.54 7.62 10 
-83.71 5.27 10 
-83.5384755778474 4.64286383150468 10 
-73.2109326171875 4.64286383150468 10 
-73.2109326171875 20.8442234658787 10 




-73.2109326171875 20.6982260072172 12.0411204682533 
-74.41 20.1474731601272 12.0411204682533 
-75.6088080559052 19.4005720981906 12.0411204682533 
-76.76 18.5922883927623 12.0411204682533 
-78.7081048700954 17.3534325891434 12.0411204682533 
-79.4157091178417 16.6389272794604 12.0411204682533 
-81.45 15.4243027462222 12.0411204682533 
-83.1751132915233 14.65 12.0411204682533 
-83.4118832658407 14.5112038081588 12.0411204682533 
-85.3817521782215 12.3 12.0411204682533 
-85.4029559863802 9.96 12.0411204682533 
-85.393337385174 7.62 12.0411204682533 
-84.5346126691743 5.27 12.0411204682533 
-84.4484256116816 4.64286383150468 12.0411204682533 
-73.2109326171875 4.64286383150468 12.0411204682533 
-73.2109326171875 20.6982260072172 12.0411204682533 




-74.0436274330968 20.3157545571612 12.0411204682533 
-74.41 20.1474731601272 12.0411204682533 
-75.6088080559052 19.4005720981906 12.0411204682533 
-76.76 18.5922883927623 12.0411204682533 
-78.7081048700954 17.3534325891434 12.0411204682533 
-79.4157091178417 16.6389272794604 12.0411204682533 
-81.45 15.4243027462222 12.0411204682533 
-83.1751132915233 14.65 12.0411204682533 
-83.4118832658407 14.5112038081588 12.0411204682533 
-85.3817521782215 12.3 12.0411204682533 
-85.4029559863802 9.96 12.0411204682533 
-85.393337385174 7.62 12.0411204682533 
-84.5346126691743 5.27 12.0411204682533 
-84.2130274622218 2.93 12.0411204682533 
-84.0334088610155 0.59 12.0411204682533 
-83.5679023066346 -1.00070318580978 12.0411204682533 
-83.5086758405295 -1.16761413574219 12.0411204682533 
-74.0436274330968 -1.16761413574219 12.0411204682533 
-74.0436274330968 20.3157545571612 12.0411204682533 




-74.0436274330968 20.2241461465641 12.5 
-74.41 20.03 12.5 
-75.35 19.34 12.5 
-76.76 18.35 12.5 
-78.62 16.99 12.5 
-79.1 16.56 12.5 
-81.45 15.45 12.5 
-83.5 14.65 12.5 
-83.79 14.48 12.5 
-85.87 12.3 12.5 
-85.86 9.96 12.5 
-85.81 7.62 12.5 
-84.72 5.27 12.5 
-84.47 2.93 12.5 
-84.25 0.59 12.5 
-83.79 -0.83 12.5 
-83.6702014357044 -1.16761413574219 12.5 
-74.0436274330968 -1.16761413574219 12.5 
-74.0436274330968 20.2241461465641 12.5 




-74.0436274330968 13.0912293515275 15 
-74.41 12.75 15 
-74.89 12.3 15 
-76.76 11.13 15 
-79.1 10.58 15 
-81.45 10.69 15 
-83.58 9.96 15 
-83.79 9.84 15 
-84.82 7.62 15 
-85.76 5.27 15 
-86 2.93 15 
-85.5 0.59 15 
-85.1185603364985 -1.16761413574219 15 
-74.0436274330968 -1.16761413574219 15 
-74.0436274330968 13.0912293515275 15 




-74.0436274330968 13.2094175985126 17.5 
-74.41 12.92 17.5 
-75.63 12.3 17.5 
-76.76 11.73 17.5 
-79.1 11.19 17.5 
-81.45 10.85 17.5 
-82.61 9.96 17.5 
-83.79 9.03 17.5 
-85.42 7.62 17.5 
-86.03 5.27 17.5 
-85.84 2.93 17.5 
-85.62 0.59 17.5 
-85.4479781909699 -1.16761413574219 17.5 
-74.0436274330968 -1.16761413574219 17.5 
-74.0436274330968 13.2094175985126 17.5 




-74.0436274330968 17.3980878303855 20 
-74.41 17.11 20 
-74.53 16.99 20 
-76.76 15.24 20 
-77.41 14.65 20 
-79.1 13.35 20 
-80.4 12.3 20 
-81.45 11.45 20 
-83.37 9.96 20 
-83.79 9.55 20 
-86.13 7.63 20 
-86.14 7.62 20 
-88.23 5.27 20 
-87.35 2.93 20 
-86.47 0.59 20 
-86.13 -0.51 20 
-85.9353462158203 -1.16761413574219 20 
-74.0436274330968 -1.16761413574219 20 
-74.0436274330968 17.3980878303855 20 




-74.0436274330968 7.53070806298925 22.5 
-74.41 7.49 22.5 
-76.76 7.39 22.5 
-79.1 6.88 22.5 
-81.45 6.24 22.5 
-83.7 5.27 22.5 
-83.66 2.93 22.5 
-83.69 0.59 22.5 
-83.79 -0.85 22.5 
-83.8109415913676 -1.16761413574219 22.5 
-74.0436274330968 -1.16761413574219 22.5 
-74.0436274330968 7.53070806298925 22.5 




-74.0436274330968 5.42722264203391 25 
-74.41 5.41 25 
-76.76 5.3 25 
-77.34 5.27 25 
-79.1 5.19 25 
-81.45 5.08 25 
-83.79 4.97 25 
-85.92 2.93 25 
-85.79 0.59 25 
-85.7750415818235 -1.16761413574219 25 
-74.0436274330968 -1.16761413574219 25 
-74.0436274330968 5.42722264203391 25 




-74.0436274330968 4.09535025318941 27.5 
-74.41 4.23 27.5 
-76.76 4.84 27.5 
-79.1 5.09 27.5 
-81.45 5.12 27.5 
-83.79 4.96 27.5 
-85.57 2.93 27.5 
-86.12 0.59 27.5 
-86.0601663272939 -1.16761413574219 27.5 
-74.0436274330968 -1.16761413574219 27.5 
-74.0436274330968 4.09535025318941 27.5 




-74.0436274330968 -0.27328095821257 30 
-74.41 -0.35 30 
-76.76 0.15 30 
-77.47 0.59 30 
-79.1 1.41 30 
-81.45 2.71 30 
-81.68 2.93 30 
-83.79 4.73 30 
-86.05 2.93 30 
-86.13 2.76 30 
-86.86 0.59 30 
-86.605706890999 -1.16761413574219 30 
-74.0436274330968 -1.16761413574219 30 
-74.0436274330968 -0.27328095821257 30 




-74.0436274330968 -0.0624233264714629 32.5 
-74.41 -0.1 32.5 
-76.76 0.2 32.5 
-77.41 0.59 32.5 
-79.1 1.4 32.5 
-81.45 2.7 32.5 
-81.68 2.93 32.5 
-83.79 4.74 32.5 
-86.05 2.93 32.5 
-86.13 2.72 32.5 
-86.75 0.59 32.5 
-86.5704989818817 -1.16761413574219 32.5 
-74.0436274330968 -1.16761413574219 32.5 
-74.0436274330968 -0.0624233264714629 32.5 




-74.0436274330968 1.28897917200848 35 
-74.41 1.62 35 
-76.76 1.64 35 
-77.22 0.59 35 
-76.76 -0.76 35 
-76.5847259216309 -1.16761413574219 35 
-74.0436274330968 -1.16761413574219 35 
-74.0436274330968 1.28897917200848 35 




